0	0	60	
1	61	123	
2	124	190	
3	191	259	
4	260	328	
5	329	399	
6	400	467	
7	468	527	
8	528	600	
9	601	673	
10	674	752	
11	753	827	
12	828	905	
13	906	969	
14	970	1043	
15	1044	1116	
16	1117	1186	
17	1187	1259	
18	1260	1335	
19	1336	1403	
20	1404	1476	
21	1477	1541	
22	1542	1620	
23	1621	1689	
24	1690	1754	
25	1755	1829	
26	1830	1906	
27	1907	1971	
28	1972	2038	
29	2039	2100	
30	2101	2167	
31	2168	2232	
32	2233	2299	
33	2300	2378	
34	2379	2457	
35	2458	2528	
36	2529	2589	
37	2590	2662	
38	2663	2731	
39	2732	2804	
40	2805	2878	
41	2879	2956	
42	2957	3015	
43	3016	3084	
44	3085	3157	
45	3158	3216	
46	3217	3290	
47	3291	3358	
48	3359	3425	
49	3426	3502	
50	3503	3581	
51	3582	3660	
52	3661	3729	
53	3730	3802	
54	3803	3869	
55	3870	3928	
56	3929	4003	
57	4004	4067	
58	4068	4136	
59	4137	4200	
60	4201	4276	
61	4277	4336	
62	4337	4403	
63	4404	4467	
64	4468	4531	
65	4532	4593	
66	4594	4655	
67	4656	4731	
68	4732	4800	
69	4801	4867	
70	4868	4941	
71	4942	5001	
72	5002	5072	
73	5073	5137	
74	5138	5206	
75	5207	5270	
76	5271	5336	
77	5337	5407	
78	5408	5483	
79	5484	5546	
80	5547	5611	
81	5612	5686	
82	5687	5750	
83	5751	5809	
84	5810	5887	
85	5888	5949	
86	5950	6014	
87	6015	6083	
88	6084	6147	
89	6148	6216	
90	6217	6287	
91	6288	6367	
92	6368	6431	
93	6432	6505	
94	6506	6579	
95	6580	6637	
96	6638	6704	
97	6705	6763	
98	6764	6826	
99	6827	6898	
100	6899	6960	
101	6961	7014	
102	7015	7072	
103	7073	7147	
104	7148	7234	
105	7235	7301	
106	7302	7358	
107	7359	7424	
108	7425	7495	
109	7496	7569	
110	7570	7652	
111	7653	7714	
112	7715	7780	
113	7781	7847	
114	7848	7907	
115	7908	7976	
116	7977	8055	
117	8056	8123	
118	8124	8204	
119	8205	8269	
120	8270	8326	
121	8327	8392	
122	8393	8457	
123	8458	8535	
124	8536	8610	
125	8611	8676	
126	8677	8760	
127	8761	8833	
128	8834	8898	
129	8899	8960	
130	8961	9035	
131	9036	9099	
132	9100	9172	
133	9173	9242	
134	9243	9309	
135	9310	9371	
136	9372	9440	
137	9441	9516	
138	9517	9579	
139	9580	9641	
140	9642	9713	
141	9714	9782	
142	9783	9861	
143	9862	9928	
144	9929	9999	
145	10000	10064	
146	10065	10128	
147	10129	10201	
148	10202	10268	
149	10269	10336	
150	10337	10403	
151	10404	10465	
152	10466	10525	
153	10526	10580	
154	10581	10648	
155	10649	10721	
156	10722	10792	
157	10793	10864	
158	10865	10931	
159	10932	10983	
160	10984	11051	
161	11052	11122	
162	11123	11191	
163	11192	11265	
164	11266	11339	
165	11340	11407	
166	11408	11479	
167	11480	11546	
168	11547	11614	
169	11615	11679	
170	11680	11759	
171	11760	11825	
172	11826	11896	
173	11897	11955	
174	11956	12030	
175	12031	12091	
176	12092	12159	
177	12160	12228	
178	12229	12295	
179	12296	12357	
180	12358	12427	
181	12428	12485	
182	12486	12563	
183	12564	12635	
184	12636	12697	
185	12698	12766	
186	12767	12852	
187	12853	12920	
188	12921	12985	
189	12986	13050	
190	13051	13128	
191	13129	13210	
192	13211	13285	
193	13286	13347	
194	13348	13427	
195	13428	13498	
196	13499	13567	
197	13568	13645	
198	13646	13713	
199	13714	13775	
200	13776	13849	
201	13850	13917	
202	13918	13981	
203	13982	14048	
204	14049	14121	
205	14122	14184	
206	14185	14250	
207	14251	14318	
208	14319	14382	
209	14383	14463	
210	14464	14534	
211	14535	14608	
212	14609	14670	
213	14671	14737	
214	14738	14822	
215	14823	14886	
216	14887	14948	
217	14949	15013	
218	15014	15086	
219	15087	15155	
220	15156	15229	
221	15230	15296	
222	15297	15359	
223	15360	15417	
224	15418	15482	
225	15483	15549	
226	15550	15621	
227	15622	15691	
228	15692	15758	
229	15759	15813	
230	15814	15874	
231	15875	15956	
232	15957	16022	
233	16023	16096	
234	16097	16155	
235	16156	16222	
236	16223	16279	
237	16280	16349	
238	16350	16418	
239	16419	16490	
240	16491	16550	
241	16551	16618	
242	16619	16699	
243	16700	16776	
244	16777	16838	
245	16839	16902	
246	16903	16984	
247	16985	17052	
248	17053	17119	
249	17120	17187	
250	17188	17257	
251	17258	17326	
252	17327	17402	
253	17403	17476	
254	17477	17549	
255	17550	17629	
256	17630	17702	
257	17703	17787	
258	17788	17861	
259	17862	17925	
260	17926	17979	
261	17980	18046	
262	18047	18112	
263	18113	18177	
264	18178	18228	
265	18229	18300	
266	18301	18365	
267	18366	18440	
268	18441	18503	
269	18504	18569	
270	18570	18635	
271	18636	18703	
272	18704	18766	
273	18767	18830	
274	18831	18899	
275	18900	18972	
276	18973	19041	
277	19042	19122	
278	19123	19198	
279	19199	19272	
280	19273	19348	
281	19349	19413	
282	19414	19489	
283	19490	19551	
284	19552	19616	
285	19617	19686	
286	19687	19746	
287	19747	19818	
288	19819	19883	
289	19884	19951	
290	19952	20019	
291	20020	20082	
292	20083	20144	
293	20145	20213	
294	20214	20279	
295	20280	20343	
296	20344	20399	
297	20400	20457	
298	20458	20536	
299	20537	20600	
300	20601	20670	
301	20671	20736	
302	20737	20801	
303	20802	20853	
304	20854	20913	
305	20914	20976	
306	20977	21033	
307	21034	21092	
308	21093	21153	
309	21154	21228	
310	21229	21308	
311	21309	21374	
312	21375	21455	
313	21456	21523	
314	21524	21604	
315	21605	21673	
316	21674	21746	
317	21747	21812	
318	21813	21884	
319	21885	21958	
320	21959	22027	
321	22028	22087	
322	22088	22169	
323	22170	22229	
324	22230	22293	
325	22294	22368	
326	22369	22430	
327	22431	22490	
328	22491	22548	
329	22549	22611	
330	22612	22685	
331	22686	22759	
332	22760	22834	
333	22835	22897	
334	22898	22969	
335	22970	23036	
336	23037	23102	
337	23103	23164	
338	23165	23232	
339	23233	23295	
340	23296	23368	
341	23369	23429	
342	23430	23501	
343	23502	23564	
344	23565	23630	
345	23631	23705	
346	23706	23772	
347	23773	23829	
348	23830	23896	
349	23897	23965	
350	23966	24031	
351	24032	24087	
352	24088	24150	
353	24151	24220	
354	24221	24292	
355	24293	24360	
356	24361	24424	
357	24425	24490	
358	24491	24561	
359	24562	24631	
360	24632	24692	
361	24693	24759	
362	24760	24823	
363	24824	24895	
364	24896	24969	
365	24970	25030	
366	25031	25096	
367	25097	25157	
368	25158	25231	
369	25232	25298	
370	25299	25369	
371	25370	25428	
372	25429	25488	
373	25489	25554	
374	25555	25625	
375	25626	25694	
376	25695	25772	
377	25773	25847	
378	25848	25908	
379	25909	25967	
380	25968	26039	
381	26040	26114	
382	26115	26167	
383	26168	26241	
384	26242	26307	
385	26308	26377	
386	26378	26450	
387	26451	26520	
388	26521	26590	
389	26591	26657	
390	26658	26721	
391	26722	26800	
392	26801	26871	
393	26872	26944	
394	26945	27013	
395	27014	27071	
396	27072	27132	
397	27133	27206	
398	27207	27275	
399	27276	27341	
400	27342	27395	
401	27396	27466	
402	27467	27530	
403	27531	27600	
404	27601	27670	
405	27671	27744	
406	27745	27825	
407	27826	27885	
408	27886	27957	
409	27958	28044	
410	28045	28127	
411	28128	28196	
412	28197	28267	
413	28268	28336	
414	28337	28398	
415	28399	28459	
416	28460	28545	
417	28546	28601	
418	28602	28670	
419	28671	28737	
420	28738	28802	
421	28803	28869	
422	28870	28930	
423	28931	28998	
424	28999	29071	
425	29072	29138	
426	29139	29200	
427	29201	29267	
428	29268	29336	
429	29337	29420	
430	29421	29508	
431	29509	29584	
432	29585	29656	
433	29657	29731	
434	29732	29789	
435	29790	29863	
436	29864	29926	
437	29927	29991	
438	29992	30068	
439	30069	30139	
440	30140	30215	
441	30216	30281	
442	30282	30355	
443	30356	30431	
444	30432	30491	
445	30492	30570	
446	30571	30629	
447	30630	30691	
448	30692	30765	
449	30766	30832	
450	30833	30901	
451	30902	30964	
452	30965	31036	
453	31037	31092	
454	31093	31165	
455	31166	31225	
456	31226	31298	
457	31299	31367	
458	31368	31439	
459	31440	31517	
460	31518	31596	
461	31597	31663	
462	31664	31740	
463	31741	31800	
464	31801	31865	
465	31866	31933	
466	31934	31999	
467	32000	32077	
468	32078	32140	
469	32141	32215	
470	32216	32279	
471	32280	32346	
472	32347	32418	
473	32419	32497	
474	32498	32566	
475	32567	32641	
476	32642	32714	
477	32715	32783	
478	32784	32843	
479	32844	32903	
480	32904	32978	
481	32979	33038	
482	33039	33101	
483	33102	33169	
484	33170	33237	
485	33238	33302	
486	33303	33378	
487	33379	33447	
488	33448	33522	
489	33523	33590	
490	33591	33653	
491	33654	33708	
492	33709	33780	
493	33781	33848	
494	33849	33914	
495	33915	33992	
496	33993	34060	
497	34061	34137	
498	34138	34204	
499	34205	34267	
500	34268	34336	
501	34337	34411	
502	34412	34479	
503	34480	34552	
504	34553	34616	
505	34617	34696	
506	34697	34764	
507	34765	34831	
508	34832	34899	
509	34900	34967	
510	34968	35025	
511	35026	35097	
512	35098	35164	
513	35165	35241	
514	35242	35303	
515	35304	35373	
516	35374	35440	
517	35441	35507	
518	35508	35577	
519	35578	35641	
520	35642	35705	
521	35706	35783	
522	35784	35857	
523	35858	35925	
524	35926	35997	
525	35998	36071	
526	36072	36131	
527	36132	36201	
528	36202	36266	
529	36267	36334	
530	36335	36394	
531	36395	36474	
532	36475	36542	
533	36543	36614	
534	36615	36687	
535	36688	36747	
536	36748	36809	
537	36810	36877	
538	36878	36946	
539	36947	37016	
540	37017	37074	
541	37075	37141	
542	37142	37211	
543	37212	37277	
544	37278	37347	
545	37348	37413	
546	37414	37483	
547	37484	37543	
548	37544	37605	
549	37606	37678	
550	37679	37747	
551	37748	37821	
552	37822	37885	
553	37886	37953	
554	37954	38020	
555	38021	38080	
556	38081	38138	
557	38139	38214	
558	38215	38281	
559	38282	38358	
560	38359	38427	
561	38428	38497	
562	38498	38564	
563	38565	38649	
564	38650	38712	
565	38713	38764	
566	38765	38831	
567	38832	38907	
568	38908	38969	
569	38970	39035	
570	39036	39098	
571	39099	39171	
572	39172	39238	
573	39239	39308	
574	39309	39374	
575	39375	39451	
576	39452	39520	
577	39521	39596	
578	39597	39666	
579	39667	39720	
580	39721	39789	
581	39790	39862	
582	39863	39937	
583	39938	40010	
584	40011	40085	
585	40086	40152	
586	40153	40216	
587	40217	40287	
588	40288	40352	
589	40353	40424	
590	40425	40484	
591	40485	40549	
592	40550	40620	
593	40621	40693	
594	40694	40762	
595	40763	40820	
596	40821	40892	
597	40893	40949	
598	40950	41022	
599	41023	41090	
600	41091	41166	
601	41167	41231	
602	41232	41302	
603	41303	41368	
604	41369	41436	
605	41437	41507	
606	41508	41573	
607	41574	41645	
608	41646	41704	
609	41705	41785	
610	41786	41860	
611	41861	41935	
612	41936	42001	
613	42002	42073	
614	42074	42136	
615	42137	42206	
616	42207	42278	
617	42279	42349	
618	42350	42416	
619	42417	42485	
620	42486	42559	
621	42560	42633	
622	42634	42700	
623	42701	42762	
624	42763	42830	
625	42831	42905	
626	42906	42963	
627	42964	43038	
628	43039	43110	
629	43111	43172	
630	43173	43230	
631	43231	43299	
632	43300	43361	
633	43362	43425	
634	43426	43494	
635	43495	43571	
636	43572	43638	
637	43639	43703	
638	43704	43773	
639	43774	43836	
640	43837	43905	
641	43906	43985	
642	43986	44047	
643	44048	44110	
644	44111	44177	
645	44178	44240	
646	44241	44311	
647	44312	44383	
648	44384	44453	
649	44454	44512	
650	44513	44590	
651	44591	44654	
652	44655	44727	
653	44728	44800	
654	44801	44870	
655	44871	44933	
656	44934	44993	
657	44994	45069	
658	45070	45130	
659	45131	45198	
660	45199	45267	
661	45268	45338	
662	45339	45405	
663	45406	45476	
664	45477	45548	
665	45549	45612	
666	45613	45678	
667	45679	45743	
668	45744	45810	
669	45811	45872	
670	45873	45924	
671	45925	45984	
672	45985	46040	
673	46041	46101	
674	46102	46174	
675	46175	46249	
676	46250	46312	
677	46313	46385	
678	46386	46456	
679	46457	46520	
680	46521	46590	
681	46591	46651	
682	46652	46718	
683	46719	46788	
684	46789	46866	
685	46867	46931	
686	46932	47000	
687	47001	47053	
688	47054	47116	
689	47117	47194	
690	47195	47263	
691	47264	47343	
692	47344	47413	
693	47414	47483	
694	47484	47540	
695	47541	47608	
696	47609	47673	
697	47674	47735	
698	47736	47816	
699	47817	47884	
700	47885	47964	
701	47965	48032	
702	48033	48099	
703	48100	48165	
704	48166	48236	
705	48237	48299	
706	48300	48370	
707	48371	48436	
708	48437	48492	
709	48493	48560	
710	48561	48632	
711	48633	48703	
712	48704	48766	
713	48767	48831	
714	48832	48896	
715	48897	48959	
716	48960	49029	
717	49030	49092	
718	49093	49158	
719	49159	49238	
720	49239	49310	
721	49311	49374	
722	49375	49446	
723	49447	49512	
724	49513	49573	
725	49574	49643	
726	49644	49711	
727	49712	49784	
728	49785	49850	
729	49851	49931	
730	49932	49999	
731	50000	50075	
732	50076	50143	
733	50144	50224	
734	50225	50297	
735	50298	50371	
736	50372	50439	
737	50440	50517	
738	50518	50574	
739	50575	50644	
740	50645	50723	
741	50724	50795	
742	50796	50856	
743	50857	50924	
744	50925	50996	
745	50997	51075	
746	51076	51148	
747	51149	51235	
748	51236	51305	
749	51306	51383	
750	51384	51461	
751	51462	51523	
752	51524	51586	
753	51587	51640	
754	51641	51696	
755	51697	51759	
756	51760	51816	
757	51817	51886	
758	51887	51960	
759	51961	52023	
760	52024	52092	
761	52093	52163	
762	52164	52228	
763	52229	52292	
764	52293	52366	
765	52367	52424	
766	52425	52489	
767	52490	52553	
768	52554	52621	
769	52622	52687	
770	52688	52755	
771	52756	52814	
772	52815	52883	
773	52884	52947	
774	52948	53018	
775	53019	53082	
776	53083	53147	
777	53148	53216	
778	53217	53275	
779	53276	53339	
780	53340	53388	
781	53389	53455	
782	53456	53517	
783	53518	53587	
784	53588	53649	
785	53650	53724	
786	53725	53789	
787	53790	53852	
788	53853	53911	
789	53912	53992	
790	53993	54056	
791	54057	54125	
792	54126	54179	
793	54180	54245	
794	54246	54302	
795	54303	54362	
796	54363	54438	
797	54439	54495	
798	54496	54556	
799	54557	54627	
800	54628	54692	
801	54693	54767	
802	54768	54840	
803	54841	54918	
804	54919	54992	
805	54993	55054	
806	55055	55118	
807	55119	55185	
808	55186	55260	
809	55261	55317	
810	55318	55382	
811	55383	55437	
812	55438	55495	
813	55496	55570	
814	55571	55627	
815	55628	55707	
816	55708	55780	
817	55781	55848	
818	55849	55923	
819	55924	55998	
820	55999	56075	
821	56076	56149	
822	56150	56213	
823	56214	56289	
824	56290	56361	
825	56362	56430	
826	56431	56494	
827	56495	56557	
828	56558	56626	
829	56627	56700	
830	56701	56764	
831	56765	56846	
832	56847	56916	
833	56917	56975	
834	56976	57041	
835	57042	57100	
836	57101	57173	
837	57174	57236	
838	57237	57304	
839	57305	57377	
840	57378	57439	
841	57440	57507	
842	57508	57569	
843	57570	57625	
844	57626	57691	
845	57692	57769	
846	57770	57840	
847	57841	57914	
848	57915	57988	
849	57989	58052	
850	58053	58110	
851	58111	58182	
852	58183	58249	
853	58250	58312	
854	58313	58375	
855	58376	58452	
856	58453	58521	
857	58522	58584	
858	58585	58645	
859	58646	58712	
860	58713	58774	
861	58775	58843	
862	58844	58926	
863	58927	58998	
864	58999	59055	
865	59056	59119	
866	59120	59191	
867	59192	59262	
868	59263	59338	
869	59339	59397	
870	59398	59467	
871	59468	59529	
872	59530	59605	
873	59606	59668	
874	59669	59729	
875	59730	59800	
876	59801	59861	
877	59862	59933	
878	59934	60005	
879	60006	60073	
880	60074	60139	
881	60140	60211	
882	60212	60272	
883	60273	60351	
884	60352	60417	
885	60418	60478	
886	60479	60541	
887	60542	60604	
888	60605	60689	
889	60690	60754	
890	60755	60826	
891	60827	60882	
892	60883	60945	
893	60946	61022	
894	61023	61087	
895	61088	61156	
896	61157	61217	
897	61218	61283	
898	61284	61351	
899	61352	61414	
900	61415	61699	
901	61700	61982	
902	61983	62285	
903	62286	62569	
904	62570	62851	
905	62852	63130	
906	63131	63440	
907	63441	63738	
908	63739	64000	
909	64001	64282	
910	64283	64559	
911	64560	64846	
912	64847	65113	
913	65114	65368	
914	65369	65641	
915	65642	65933	
916	65934	66200	
917	66201	66459	
918	66460	66732	
919	66733	67013	
920	67014	67279	
921	67280	67527	
922	67528	67816	
923	67817	68089	
924	68090	68378	
925	68379	68629	
926	68630	68922	
927	68923	69209	
928	69210	69475	
929	69476	69737	
930	69738	69997	
931	69998	70258	
932	70259	70542	
933	70543	70803	
934	70804	71089	
935	71090	71362	
936	71363	71635	
937	71636	71923	
938	71924	72203	
939	72204	72468	
940	72469	72745	
941	72746	73030	
942	73031	73274	
943	73275	73564	
944	73565	73833	
945	73834	74117	
946	74118	74399	
947	74400	74673	
948	74674	74952	
949	74953	75217	
950	75218	75491	
951	75492	75780	
952	75781	76056	
953	76057	76352	
954	76353	76642	
955	76643	76921	
956	76922	77183	
957	77184	77467	
958	77468	77720	
959	77721	78029	
960	78030	78307	
961	78308	78577	
962	78578	78855	
963	78856	79142	
964	79143	79426	
965	79427	79708	
966	79709	79967	
967	79968	80228	
968	80229	80503	
969	80504	80796	
970	80797	81076	
971	81077	81352	
972	81353	81630	
973	81631	81917	
974	81918	82191	
975	82192	82483	
976	82484	82752	
977	82753	83032	
978	83033	83317	
979	83318	83607	
980	83608	83875	
981	83876	84165	
982	84166	84466	
983	84467	84720	
984	84721	84998	
985	84999	85281	
986	85282	85550	
987	85551	85829	
988	85830	86096	
989	86097	86348	
990	86349	86623	
991	86624	86890	
992	86891	87163	
993	87164	87437	
994	87438	87723	
995	87724	87975	
996	87976	88256	
997	88257	88546	
998	88547	88827	
999	88828	89105	
