0.734921	0.262704	-0.625202
0.874272	-0.355031	0.331062
0.357691	-0.20804	0.910372
0.677499	-0.305471	0.669091
0.92266	-0.381759	-0.0544003
0.167865	-0.965805	-0.197592
0.305994	-0.391955	0.867606
-0.397416	-0.660127	-0.637411
-0.532699	0.827896	0.175557
0.244415	-0.756312	-0.606839
-0.63986	-0.593635	0.488033
-0.406791	0.662898	-0.62856
0.458262	-0.208449	-0.864028
0.0684921	-0.505653	0.860014
0.786244	0.314132	-0.532111
-0.308021	-0.325289	0.894041
-0.153399	-0.815694	0.557774
0.275579	0.857378	-0.434694
0.286531	0.123851	0.950032
0.728441	0.332358	0.599093
-0.586055	-0.803146	-0.107219
-0.524923	0.798221	-0.295463
0.0377584	-0.733451	0.678693
-0.713338	0.571482	-0.405657
-0.897808	0.113193	0.425592
0.892959	-0.448036	0.0434531
0.584563	0.663625	0.466786
0.573425	-0.72857	-0.374661
0.258467	0.877634	-0.403674
-0.983078	-0.120934	0.137597
-0.438472	-0.445507	0.780554
0.684444	-0.380675	-0.62179
-0.938543	0.177553	-0.295992
0.944165	-0.327624	-0.0348465
0.376823	-0.146509	-0.914625
0.115292	-0.98663	0.115194
0.44468	0.890917	-0.0923415
-0.278995	-0.109222	0.954061
0.543812	0.802193	-0.246485
-0.546503	0.784704	-0.292531
0.0442181	0.225622	0.973211
0.893935	0.05608	0.444673
0.478276	0.702401	0.527148
-0.862315	0.339062	0.376098
-0.687743	-0.367988	0.625775
-0.706232	0.533447	0.46548
-0.369063	-0.221851	0.902538
-0.896873	0.0474421	-0.439736
0.118243	0.55099	0.826093
0.759297	0.617834	0.204324
0.605582	-0.398438	-0.688852
-0.0874902	0.936434	-0.339761
0.73138	0.660133	-0.171192
0.13358	-0.987022	-0.0891331
-0.621046	0.694557	-0.36317
-0.237251	-0.534588	0.811128
-0.617918	-0.579504	0.531369
0.827764	-0.257498	0.498499
0.351663	-0.355145	-0.866144
-0.164068	-0.766998	-0.620319
-0.334939	-0.501842	-0.797478
-0.512107	-0.258009	0.819254
0.811916	-0.366197	-0.454635
-0.23605	0.853178	0.465153
0.816739	-0.335835	-0.469204
0.488727	-0.445547	-0.750089
0.830512	-0.517402	0.206267
-0.178192	-0.0315584	0.983489
-0.1518	-0.914059	-0.376102
-0.258673	0.287962	-0.922045
-0.130023	0.692859	0.709254
0.81957	0.556586	0.136078
-0.515735	0.140525	0.845145
0.764857	0.2993	-0.570451
0.327901	-0.127268	-0.9361
-0.214264	-0.960166	-0.179366
-0.802334	-0.0844524	0.590871
0.576947	-0.661264	0.479438
-0.390156	-0.0193993	-0.920544
-0.966249	-0.0849691	0.243193
-0.752445	0.554324	-0.355741
-0.978499	0.205164	0.0211669
0.0379819	0.286319	-0.957381
-0.362628	0.897033	0.252651
-0.664594	0.389586	0.637602
0.666203	-0.727195	-0.165412
-0.196239	0.527097	-0.826837
-0.158076	-0.789366	0.593222
0.960067	0.276426	-0.0431292
-0.413862	-0.47874	-0.774291
-0.0116397	-0.829461	-0.558443
-0.379308	-0.391229	0.83849
-0.548704	0.73572	-0.397038
0.0883345	-0.859722	0.503065
0.726369	0.335503	0.599854
0.700575	-0.213809	0.680794
-0.502188	-0.220851	0.836082
0.239791	0.39966	0.884744
0.568968	-0.494366	-0.657174
0.0866551	-0.477532	0.87433
-0.94665	-0.0291332	-0.320945
0.278536	-0.424013	-0.86176
-0.178935	-0.269099	0.946344
0.935275	-0.00664414	0.353858
-0.994772	-0.0109551	-0.101533
0.394267	0.907408	-0.145478
-0.627273	0.204938	0.751352
-0.60854	0.347238	-0.713516
-0.300372	-0.319342	0.898776
-0.301618	-0.948892	0.0928992
-0.0695816	-0.99642	0.0480259
-0.280054	0.831697	0.479426
0.108155	-0.0443972	-0.993142
0.0754142	0.538854	0.839017
-0.33225	-0.712902	0.617561
-0.571199	0.767548	-0.290864
0.442918	0.450476	-0.775174
-0.948496	0.148692	-0.279724
0.498069	-0.334386	-0.800071
-0.302148	0.943513	-0.135978
0.464247	-0.00875999	-0.885663
0.282076	0.95853	0.0406558
-0.89397	-0.439702	0.086489
0.280432	-0.398476	-0.873255
-0.342649	0.716348	-0.607814
-0.884449	0.227694	-0.407314
0.192962	0.0261036	-0.980859
0.935587	0.12238	0.331209
0.786514	0.467108	-0.403986
0.887062	0.319657	0.333076
0.558069	-0.671795	0.487084
0.818067	0.199133	-0.539549
-0.274859	0.560446	0.781251
0.726108	0.363788	0.583461
0.366532	-0.857361	0.361368
-0.768308	0.622914	0.147241
-0.72652	-0.639074	0.252494
-0.942235	0.319552	-0.100401
-0.435336	-0.891064	-0.128408
-0.46974	-0.621037	0.627421
-0.864454	0.359834	-0.351053
0.106364	-0.263622	-0.958744
-0.972242	-0.11241	-0.205206
-0.0198877	-0.183532	-0.982813
0.371281	0.926759	0.0571773
0.473494	0.510188	0.717991
-0.14669	0.969393	0.196875
-0.00315367	-0.978382	-0.206781
0.537811	-0.676722	0.502799
0.417542	0.343537	0.841214
-0.31624	-0.59022	0.74272
0.446801	-0.726558	-0.521999
-0.766907	-0.35899	0.531959
0.0591039	0.997818	-0.0294249
-0.642965	0.457975	0.613885
-0.628831	0.404763	-0.663881
0.455908	-0.519864	0.722419
0.238253	-0.0522747	0.969795
0.273185	-0.320132	0.90713
-0.497905	-0.07036	-0.864372
0.3645	-0.867723	-0.33793
-0.610558	-0.698067	-0.37406
0.24182	-0.579559	0.778225
-0.890941	0.161248	0.424527
-0.83989	0.200002	0.504563
0.750752	0.645915	0.138436
-0.965947	-0.192049	0.173385
-0.974339	-0.0871086	-0.207545
0.686659	0.690738	-0.226673
0.566799	-0.700086	0.434302
0.381837	0.897216	0.221819
-0.105873	-0.850127	0.515824
-0.698594	-0.522987	-0.488315
-0.0344889	-0.0474111	0.99828
-0.619242	0.54156	0.568553
-0.411642	0.334461	-0.847754
-0.99377	-0.101018	0.047081
0.318783	-0.0983811	0.942708
0.976124	-0.0220386	-0.216093
-0.20436	0.790356	-0.577559
-0.0951159	-0.330908	-0.938857
-0.387613	0.788863	-0.476919
-0.913706	-0.405759	0.0223718
-0.440728	-0.683115	0.582334
0.831112	-0.299709	-0.46843
0.737342	0.608003	0.294379
-0.903969	0.297621	-0.307019
0.393024	-0.696813	-0.599987
0.0264044	-0.978622	0.203963
0.338886	0.94035	-0.0299671
0.279383	-0.932297	0.229711
-0.516518	-0.769887	0.37481
0.650738	0.64252	0.404608
0.668956	-0.717441	-0.19436
0.686822	-0.0651607	-0.723899
-0.555917	-0.715259	-0.423511
-0.399209	-0.755684	0.519205
-0.20161	-0.931371	0.303154
-0.514264	0.315298	-0.797571
-0.475888	0.500009	0.723548
-0.99055	0.0837144	0.108637
-0.608175	-0.790169	-0.0758666
-0.82813	-0.531433	0.178267
-0.932512	0.222962	0.284093
0.0922799	0.24954	-0.963958
0.84521	-0.247807	-0.473511
-0.116794	0.918554	-0.377649
0.856241	-0.0649764	0.512474
0.984909	0.0513541	-0.165279
0.283158	0.0951393	0.954343
0.827549	0.545646	0.132033
-0.582378	0.148577	0.799225
0.115353	-0.952804	-0.280818
-0.622986	0.688793	-0.370746
-0.640628	0.56611	-0.518763
0.807527	0.0597503	0.586797
0.342636	-0.459202	-0.819594
0.875223	0.349033	-0.334905
-0.309097	-0.0610882	-0.949067
-0.698451	-0.509964	0.502099
0.361713	0.892403	0.269777
0.225485	-0.333985	-0.915211
-0.25432	0.869314	-0.42381
-0.645175	-0.23018	-0.728537
-0.353007	0.268597	-0.896237
0.239365	0.737907	-0.631029
-0.311018	0.89459	0.320901
0.734395	0.673321	-0.0854575
0.690656	0.460399	-0.557698
0.409009	0.759672	-0.50558
-0.00976621	-0.57107	0.820843
0.413847	0.394242	-0.820551
-0.0524977	-0.877281	-0.477098
0.0127317	0.994548	-0.1035
0.0389914	-0.796853	-0.602913
0.0100168	0.719229	0.694701
0.464099	0.248097	0.850329
0.270781	-0.390026	0.880089
0.0512922	-0.984665	0.166748
0.917153	-0.107261	0.383831
0.598927	0.486761	0.635885
-0.0177744	-0.963922	-0.26559
0.241284	-0.825459	0.510293
0.745643	0.624726	0.231807
0.0919882	0.290343	-0.952491
0.0493018	-0.995028	-0.0865365
0.0734279	0.377774	0.922982
0.920034	-0.185688	0.345047
0.718109	-0.541967	0.436567
0.275928	0.531387	-0.800932
-0.317025	0.892938	0.319621
-0.00711416	0.752894	-0.658103
-0.483647	-0.875228	0.00784506
0.195824	-0.878454	-0.435857
-0.9158	0.242868	-0.319885
-0.176752	0.0541232	-0.982766
-0.537746	-0.809274	-0.236442
-0.346163	0.714647	-0.607825
-0.460397	0.752645	0.470702
0.243703	0.867749	0.433152
-0.0417185	0.41181	-0.910314
-0.651468	0.127126	0.747949
0.874554	-0.380514	0.300608
0.0716282	0.819991	0.567876
0.948558	0.316592	-0.00265164
-0.0559454	0.976737	-0.207014
-0.0918136	-0.916307	0.38981
-0.358633	0.0885998	-0.929264
0.826518	-0.316688	-0.465378
0.765227	-0.377554	-0.521423
-0.278186	-0.845009	0.456697
-0.104666	-0.417843	-0.90247
0.685413	0.409716	0.601948
0.760062	0.634978	0.138234
0.786476	0.616994	0.0278081
0.175238	-0.760639	0.625076
0.257472	0.488964	-0.83344
-0.621837	0.22338	0.750613
0.320952	-0.244212	-0.915068
0.0356585	0.537067	-0.842785
0.34157	0.938787	-0.0448247
0.975893	0.0864878	-0.200381
-0.219848	-0.609303	0.761851
-0.551087	-0.269591	-0.789698
0.272628	0.533075	-0.80094
0.545053	-0.751504	0.371699
0.340419	-0.253257	0.905525
-0.981077	0.113123	-0.157134
-0.666538	0.739344	-0.0953791
0.673153	0.570218	-0.470867
-0.00350385	-0.885736	0.464176
-0.764339	-0.644092	-0.0305306
-0.0434053	-0.23192	0.971766
0.463775	0.868713	0.173924
-0.916318	-0.390495	0.0887409
0.489157	-0.836926	0.245521
-0.946041	0.314292	0.0789074
-0.179666	-0.808339	0.560632
-0.270126	0.340883	-0.900461
-0.711372	0.529449	0.462205
0.705057	-0.468405	0.532439
-9.08909e-06	-0.146961	-0.989142
0.442511	0.867828	-0.225961
0.84229	0.361639	-0.399707
-0.0769761	-0.23865	0.96805
-0.152355	-0.974066	0.167283
-0.277192	-0.71287	-0.644191
-0.879199	0.459669	0.125353
0.737657	-0.477028	0.477814
-0.457894	-0.275531	0.845231
0.0060424	-0.969526	-0.244916
0.899287	-0.317426	0.300872
-0.667261	0.742399	0.060058
-0.127031	-0.773718	-0.620664
-0.545554	-0.789796	-0.280344
0.927545	0.354533	-0.11818
-0.859951	-0.448617	-0.243367
-0.945691	0.195518	0.259696
0.149768	-0.208621	0.966461
0.695265	-0.488616	-0.527125
0.0324978	-0.0105486	-0.999416
0.632849	0.557843	0.536948
-0.439824	-0.00134839	-0.898083
-0.791589	-0.209457	0.574034
0.268228	-0.209906	0.940209
-0.511949	-0.858857	-0.0165579
0.573623	-0.813104	0.0990902
0.168947	-0.381858	-0.908648
-0.886126	-0.447508	-0.120489
0.460048	-0.864659	-0.201792
-0.304979	-0.360485	0.881498
-0.424778	0.782282	0.45563
-0.416871	0.907148	0.0574576
0.520262	-0.841013	0.148406
-0.632623	0.161319	-0.757473
0.979134	0.00919538	-0.203009
-0.794663	-0.0649949	-0.603561
0.501644	0.272703	0.820967
0.64659	-0.0431	-0.761619
-0.430975	-0.566393	0.702467
0.784979	-0.00842611	-0.619465
0.208559	-0.630176	-0.747918
0.144725	-0.401658	0.904282
0.543249	0.396021	0.740303
0.247298	0.429175	0.868708
-0.543068	-0.14506	0.827064
-0.591485	0.626728	-0.507304
0.0621117	-0.811442	0.581123
0.903603	0.175009	-0.390991
0.646957	-0.234265	0.725649
0.840066	-0.341036	0.421881
0.992632	0.0141895	-0.120333
-0.799755	-0.090133	0.593522
0.740961	-0.539113	0.400417
0.559195	0.638276	0.529059
0.25552	0.253956	0.932854
0.912328	-0.187427	-0.364044
0.664459	0.718731	-0.204744
-0.374265	-0.879233	0.294747
-0.447639	-0.211261	-0.868901
-0.0404661	0.778197	0.626716
0.164359	-0.944678	0.283848
-0.691568	-0.618361	-0.373314
-0.121263	0.624257	-0.771751
0.339571	-0.873824	-0.348029
-0.177465	-0.98051	0.0842943
-0.43694	0.0288193	0.899029
-0.651949	-0.745564	0.138191
0.0373941	-0.417617	-0.907853
0.971872	0.17727	0.15505
0.41641	0.863308	-0.285134
-0.667168	-0.654651	-0.355414
-0.0142303	0.747373	-0.664253
-0.878599	-0.207947	0.42991
-0.521396	-0.18516	-0.832984
-0.48255	-0.59014	-0.64721
-0.200494	0.9172	-0.344306
0.913008	-0.401588	0.071714
0.426281	-0.550411	0.717866
-0.293485	-0.950479	0.102258
-0.411328	-0.840242	0.353276
-0.500016	0.335494	-0.798391
0.404016	0.357762	-0.841889
-0.144096	0.979525	-0.140596
0.0690709	0.751896	-0.655653
-0.612805	-0.645807	-0.455415
-0.562142	-0.649996	0.511373
-0.18386	-0.553874	-0.812046
0.837187	0.0570716	-0.54393
0.242603	0.147535	0.958842
-0.0594629	-0.967403	-0.246162
-0.196887	0.801588	0.564529
-0.699776	-0.708858	-0.088506
0.929129	-0.221612	-0.295984
-0.171175	-0.980292	-0.0986226
0.782381	-0.552521	-0.287403
0.764836	0.637719	0.0913276
0.594174	0.62126	-0.510875
0.827487	0.557921	-0.063161
-0.921077	-0.163881	0.353214
0.00541508	0.91616	-0.400776
0.233903	0.23543	-0.943325
0.8259	0.305643	0.473784
-0.86458	0.273684	-0.421424
-0.557969	0.669281	0.490646
-0.979606	-0.111909	0.166876
-0.380179	-0.7122	0.590115
-0.386098	0.855857	0.344148
0.140562	0.978631	-0.150078
0.739131	-0.271823	-0.616277
-0.833333	-0.16867	0.526409
-0.751173	-0.654552	-0.0854468
-0.514853	0.511304	-0.688109
0.958024	0.0588761	0.280576
0.746185	-0.0169753	0.665523
0.129312	0.072009	-0.988986
0.69693	0.638124	-0.32724
0.785688	-0.618549	0.00953988
-0.14339	0.226764	-0.963336
-0.420965	0.464822	0.778928
-0.0899761	0.899505	-0.427544
-0.00626426	0.963942	-0.26604
-0.430125	-0.747865	-0.505658
0.124859	0.950033	-0.286091
0.374107	-0.216815	0.901685
0.161914	0.169299	-0.972174
0.629484	-0.763231	-0.145697
-0.980618	0.169428	0.0983947
0.384856	-0.694132	0.608331
0.509553	-0.752232	0.417735
-0.542762	0.837034	0.069158
0.666638	-0.385718	0.637821
0.241682	0.80586	-0.540536
0.399576	-0.84763	-0.349087
-0.232897	0.890558	-0.390723
-0.434182	-0.845237	0.311547
-0.59805	-0.159252	-0.785477
-0.852111	-0.0285759	-0.52258
-0.323816	0.0362789	-0.945424
0.10795	-0.0395721	-0.993368
0.119925	-0.78892	0.60268
-0.504688	-0.208416	-0.837766
-0.368659	0.706394	-0.604234
-0.686729	0.648276	-0.328849
0.614656	0.771949	-0.16215
-0.435046	-0.628576	-0.644692
-0.397179	0.909946	-0.119359
0.97296	0.0374388	0.227919
-0.790954	-0.300393	-0.533062
0.644856	-0.0359711	-0.763457
-0.985303	-0.0496222	-0.163452
0.900719	0.397513	-0.175183
0.598983	-0.0910329	-0.79557
0.948006	-0.298927	-0.109212
0.363001	0.581245	-0.728275
0.162717	-0.959989	-0.227913
0.998062	0.0359865	0.0507632
-0.416853	0.310125	-0.854433
0.289807	-0.580929	0.760614
0.455931	0.0635435	-0.887744
-0.385417	-0.676586	-0.627443
-0.536214	-0.842976	0.0431923
-0.145489	-0.905076	-0.399587
0.375126	0.855791	0.356234
0.8964	-0.0816813	0.435655
-0.559063	-0.644814	0.521214
0.742354	-0.665985	0.073316
-0.657485	-0.714958	-0.237797
-0.35441	-0.313237	0.881065
0.823472	0.0293162	0.566599
0.860409	0.509466	-0.0118956
-0.411235	0.099856	0.906043
-0.87557	-0.0925248	0.474147
0.271191	-0.45489	-0.848251
0.0766614	-0.762025	0.642994
0.81572	-0.554675	0.164122
-0.480042	-0.60413	-0.636071
0.74688	0.0121215	0.664848
0.661109	0.0437336	0.749014
0.279044	-0.959324	0.0427943
-0.955264	0.234069	0.180782
-0.945734	-0.229222	-0.230314
-0.383134	-0.913516	0.136738
0.489431	0.169717	-0.855367
0.666502	0.577549	0.471393
-0.714297	0.203873	0.669489
-0.115485	-0.0738968	0.990557
-0.781225	0.293878	-0.550747
-0.915035	-0.360202	-0.181565
-0.272352	-0.089485	-0.958028
0.339238	-0.793126	-0.505835
-0.617678	0.760509	0.200252
0.433568	-0.7334	0.523587
0.744615	-0.0342039	0.666617
0.34713	-0.514001	0.784413
-0.55694	-0.81398	-0.165088
-0.761243	0.63145	-0.147582
0.566925	0.719345	-0.401421
0.907951	-0.208871	0.363315
0.367931	-0.70662	-0.604414
0.131096	0.4069	0.904017
-0.898488	-0.137853	0.416792
0.148611	-0.976369	-0.156903
0.65115	0.228052	0.723876
-0.517253	0.573589	-0.635173
0.946785	0.16064	-0.278913
0.738	-0.211938	0.640655
0.671317	-0.740666	0.0273392
0.213168	-0.848533	0.484305
-0.443338	-0.669482	-0.596025
0.930716	0.0085393	0.365643
-0.535164	0.811413	-0.234964
-0.66381	0.731345	-0.156497
0.210061	-0.904128	0.372057
-0.585864	-0.0595528	0.808218
-0.525651	-0.459386	0.716
0.243225	0.414414	0.876985
-0.636168	-0.246038	-0.73127
-0.940538	-0.248103	-0.23202
0.274254	-0.796818	-0.538391
0.192823	0.357751	-0.913692
-0.466076	-0.630912	-0.620261
0.467013	-0.7471	0.473013
-0.866468	0.346488	-0.359416
-0.323996	-0.376856	-0.867759
0.676936	0.228538	-0.699663
0.200008	0.307502	-0.93029
0.170721	0.320148	-0.931858
0.48171	0.412859	-0.772983
-0.280455	0.312813	0.907465
-0.160668	0.773179	0.613498
-0.369203	0.683015	0.630222
0.935012	-0.351935	0.0435315
0.915499	0.14231	0.37631
0.870001	0.107428	-0.481205
0.40845	0.817202	-0.406631
-0.234219	-0.904184	0.357201
0.40488	0.863507	0.300713
-0.238208	0.242456	-0.940464
-0.482133	0.737227	0.473332
0.11715	-0.347541	-0.930318
0.527313	0.784788	0.325652
-0.0915065	0.124445	-0.987998
-0.551994	0.271391	-0.788447
-0.909221	0.015657	0.416019
-0.682586	-0.559387	0.47028
-0.281916	0.950478	0.130826
0.750054	-0.651258	0.115247
0.0409233	-0.0650258	0.997044
0.975989	-0.213186	0.044685
-0.6931	-0.151981	0.704637
-0.760237	-0.611701	-0.218772
-0.339142	0.33955	-0.877319
-0.687193	-0.596081	0.415274
0.400173	0.60712	0.686489
0.347205	-0.936492	-0.0493198
-0.594234	0.238355	-0.768162
-0.794278	-0.0838989	-0.601733
0.223527	-0.727573	0.648593
-0.923829	-0.380739	-0.0397233
-0.642547	-0.022623	-0.765912
0.0333339	-0.970722	0.237882
-0.825506	0.359193	-0.43534
0.694153	0.687119	0.214522
0.863951	0.290812	-0.411117
0.182541	0.518623	0.835289
-0.354503	0.48475	0.799591
0.412713	-0.545917	0.729138
0.805496	-0.320826	-0.498244
0.374701	0.498893	-0.781476
0.662546	-0.216436	-0.717069
0.687154	-0.72641	0.0121536
-0.780601	-0.624368	0.0287513
0.69523	0.44182	0.566966
0.106771	-0.106082	-0.988608
0.754359	-0.49944	0.426031
-0.771336	0.634381	-0.0510107
-0.991288	0.129722	-0.0228322
0.124914	0.687241	-0.715609
-0.63425	0.767289	-0.0948364
0.509377	-0.718815	-0.473118
-0.773325	0.37976	-0.507692
0.711525	-0.5069	-0.486605
0.333976	0.699156	0.632171
0.100874	-0.0717149	-0.992311
-0.928985	0.36259	0.0742657
0.995933	-0.0666832	0.0605809
-0.257816	-0.655154	0.710144
0.164327	0.730825	-0.662489
-0.347025	-0.210766	-0.913866
-0.447277	-0.891448	-0.0725516
-0.0450411	0.337312	0.940315
0.362581	-0.584862	0.725584
0.891489	-0.100524	-0.441749
-0.317512	0.183995	0.930232
0.902232	-0.242793	0.35641
0.591115	0.0838221	0.80222
0.0635104	0.88984	0.451831
-0.173558	-0.969766	0.171559
-0.515628	0.208746	0.830995
-0.270171	0.947564	-0.170677
-0.367615	0.74896	0.551287
0.577709	0.204022	-0.790334
-0.573993	-0.490739	0.655521
-0.346297	0.257227	0.902171
0.474889	-0.812947	-0.337043
-0.913387	0.371779	0.165842
0.045185	-0.257924	-0.965108
-0.244094	0.942104	-0.229908
0.872065	0.36359	0.327573
-0.263868	0.581596	-0.769493
-0.528651	0.647214	0.54922
0.0758113	-0.883791	0.461699
-0.933638	0.350812	-0.0724622
0.482291	-0.172391	0.858881
-0.366189	-0.633738	0.681382
0.944367	0.296506	-0.142324
-0.124891	0.850544	-0.510859
-0.119127	0.786155	0.60644
0.597649	0.287135	-0.748578
0.838043	-0.515974	0.177352
0.814897	0.00316248	0.579597
0.243747	0.962343	-0.120343
0.349619	0.64525	-0.679278
0.787518	0.171538	-0.591938
0.554779	-0.597572	-0.578902
-0.445501	-0.745392	0.495902
0.902903	-0.131328	0.409291
0.0822414	-0.995922	-0.0370803
-0.768579	0.618762	0.162542
-0.554267	0.734189	0.392115
-0.44784	0.890843	0.0764067
0.51003	0.75702	0.408399
-0.868583	-0.446171	-0.215627
0.943324	0.314208	0.10683
0.879352	-0.422757	0.219127
0.236237	0.904189	0.355858
0.645834	0.738671	0.193039
-0.670848	0.738523	-0.0674304
0.170693	-0.855371	-0.489085
-0.689979	0.336945	-0.640623
-0.246392	0.825732	-0.507403
0.92167	-0.282655	0.265764
0.328652	0.145015	0.933252
-0.332806	-0.515287	-0.789759
0.857957	0.513707	-0.0038198
0.594246	-0.225484	-0.772028
-0.672769	-0.560972	-0.482382
0.0802851	-0.197612	0.976987
0.573003	-0.773617	0.270527
-0.876241	0.287042	-0.387052
-0.0682715	0.962558	0.262338
-0.337293	0.281192	0.898423
-0.878963	-0.475948	-0.0299526
0.115193	0.034832	0.992732
-0.476375	0.777136	0.41125
-0.489645	0.0857323	-0.867697
-0.599496	0.207223	-0.773087
-0.0256176	-0.942786	-0.332414
-0.312835	0.0784047	-0.946566
0.423414	-0.549339	-0.72038
0.85265	0.272258	0.445942
-0.663601	-0.742665	0.089899
-0.240945	0.634677	0.734255
-0.247284	0.609007	-0.753632
-0.458519	-0.700923	-0.546322
0.926986	0.367697	-0.0741296
0.930839	-0.0312203	0.364093
0.668518	0.513337	-0.538117
-0.368192	0.0333329	-0.929152
-0.178107	0.735301	-0.653919
0.644841	0.669923	0.367944
0.565451	-0.65659	0.499155
0.940244	0.283534	-0.188549
0.500376	-0.861255	-0.0886771
0.920143	-0.000836792	0.391582
0.352999	-0.794684	0.493831
-0.247015	-0.0461787	-0.967911
0.410897	0.307334	-0.858318
0.666809	0.735371	0.120814
-0.585063	0.742855	0.325372
-0.673192	-0.708454	0.211907
-0.837814	0.32958	0.435252
-0.630296	0.395302	0.668179
-0.196736	-0.80885	0.554128
0.746889	0.291818	-0.597494
0.224141	0.403092	-0.887287
0.793891	0.607779	-0.0184971
-0.929904	-0.229541	0.287383
0.778578	0.305421	0.548209
0.235668	0.615928	-0.751727
-0.53385	0.557893	0.635421
-0.117743	-0.666554	0.7361
-0.583462	0.272287	-0.765135
0.246183	0.714073	-0.655358
0.562934	0.741213	-0.365661
-0.674581	-0.738155	-0.00821588
0.635009	-0.51339	-0.57723
-0.503101	-0.045668	-0.86302
0.930132	0.33099	-0.15906
-0.849145	0.499957	-0.170282
-0.829331	-0.447487	-0.334612
-0.772947	0.221907	-0.594399
-0.800719	-0.364286	0.475547
0.673728	-0.142024	0.725204
-0.948255	0.316245	-0.0283082
0.596703	-0.388666	-0.702057
0.58362	0.140902	0.799709
-0.353752	-0.887044	-0.29667
0.0557918	-0.578163	-0.814012
-0.601061	0.066215	-0.796455
-0.920455	-0.0171928	0.39047
0.771862	-0.240731	0.588453
0.118352	0.619525	0.776004
-0.768917	0.0110317	0.639253
-0.526487	-0.722282	0.448464
-0.33937	0.939999	-0.0350593
0.833375	-0.417827	-0.361811
-0.161735	-0.897375	-0.410561
-0.628118	-0.198889	0.75227
-0.766161	0.0979221	-0.635144
-0.487172	-0.825289	-0.28559
-0.587865	0.264393	0.764533
-0.142113	0.0670206	-0.987579
0.803422	-0.278338	0.526348
0.630436	-0.586783	0.508169
-0.632834	-0.12548	0.764052
-0.739027	-0.266339	-0.618791
0.375867	-0.195615	-0.905792
-0.269689	0.795609	0.542471
0.791005	-0.540133	-0.287345
0.15934	-0.237595	0.958206
-0.689361	0.606566	0.396054
-0.387025	0.350799	0.852732
0.782025	0.355286	0.512064
-0.856289	0.493701	0.151754
0.499568	0.424493	-0.755141
0.796122	-0.19926	-0.571389
0.00946655	-0.636398	-0.771303
0.991416	0.130515	-0.00771079
0.338022	-0.917305	-0.21046
-0.790258	-0.438928	-0.427592
0.74713	-0.527424	0.404501
0.429689	0.820304	-0.37745
0.640614	0.760819	-0.103764
-0.542016	-0.761227	0.356023
0.664264	-0.724856	-0.182583
-0.722475	-0.476339	-0.501131
-0.603607	-0.735837	0.306924
-0.781228	-0.288523	-0.553568
-0.815122	0.562995	0.136429
0.191731	-0.170952	-0.966444
-0.85998	-0.508929	0.0377587
0.898785	0.425081	-0.107197
0.926546	0.235853	-0.293062
0.00838384	-0.698796	-0.715272
0.875082	-0.147328	-0.461006
0.230969	0.928448	0.290926
-0.543041	-0.322954	0.775117
-0.0343247	0.99938	-0.00786317
0.708079	-0.63794	0.30275
-0.982821	-0.0271726	0.182551
0.561277	-0.709738	-0.425722
0.314862	-0.922347	0.223917
0.411879	-0.558646	0.71991
-0.888008	0.0871806	-0.451489
-0.00276451	0.238024	-0.971255
-0.117205	0.865407	0.487168
0.148336	-0.923426	-0.353949
0.972293	0.231043	0.035563
0.917662	0.384145	-0.101631
0.147324	-0.313043	-0.938243
-0.506303	-0.748094	-0.428967
0.782351	0.432041	0.448629
0.224677	-0.175934	0.958419
0.465283	0.115325	0.877617
-0.165254	0.135483	0.976901
-0.29662	-0.545959	0.783547
-0.166445	0.911518	-0.376074
0.801136	0.374246	-0.467035
-0.72769	0.409359	-0.550357
-0.979863	0.0908431	-0.17781
0.0226031	-0.457108	0.889124
-0.96393	0.105777	-0.244234
-0.157523	-0.306944	-0.938601
-0.882164	-0.277417	-0.380561
0.511809	0.744328	-0.428984
-0.588178	-0.263339	-0.764656
0.380889	-0.812441	-0.441433
0.696379	-0.177974	0.695256
0.0721791	-0.738229	0.670677
-0.579108	-0.703938	-0.411224
-0.754457	0.184292	-0.629946
0.0656861	-0.389468	-0.918695
0.685507	-0.399046	-0.608968
0.00564899	-0.636231	0.771478
0.239818	-0.93956	0.244364
0.361681	0.700782	0.614891
0.124896	0.842297	0.524345
0.59878	0.302011	0.74179
0.122809	-0.0211518	0.992205
-0.262244	-0.235794	0.935751
0.844969	0.274133	0.459216
0.413417	-0.852123	-0.320894
0.0863758	0.356612	-0.930251
-0.0819627	-0.979714	0.182873
0.546754	-0.780453	-0.303237
0.17296	-0.834634	-0.522945
-0.553838	-0.597026	-0.580364
-0.559762	0.637578	0.529301
-0.823175	0.0687502	0.56361
0.386495	-0.639054	0.665005
0.0893317	-0.0921564	0.991729
0.935815	0.245366	-0.253074
0.62797	0.624866	-0.463892
0.200239	0.467363	-0.86109
-0.752677	0.592016	0.288086
-0.375493	-0.787142	0.489298
0.433814	-0.888282	0.150865
-0.0236352	0.973068	-0.229302
0.284713	-0.824963	-0.488237
-0.66094	-0.726604	0.18763
-0.0107753	-0.114683	-0.993344
0.388302	0.0207188	-0.921299
-0.432257	0.848131	-0.306313
-0.160106	0.588803	0.792261
0.211577	-0.319176	-0.923776
0.0346041	0.262677	0.964263
-0.792258	-0.319267	0.519996
0.721743	-0.635479	0.274325
0.125398	0.991036	0.0460854
-0.178531	-0.303499	0.935957
0.838091	0.30435	0.452741
-0.821614	-0.183361	-0.539749
-0.172754	0.821501	0.543407
0.579466	0.814976	0.00580518
-0.505232	0.204306	-0.83845
0.884619	-0.461686	0.0655426
0.390153	-0.148811	0.908645
0.834268	-0.448126	-0.321217
-0.413371	0.851514	0.322563
-0.57018	0.438676	-0.694592
0.126726	-0.903551	0.409311
-0.417756	0.908515	-0.00899283
-0.0415799	0.0476194	0.998
0.655795	0.562509	-0.503505
-0.743428	0.559082	0.367072
0.21738	0.961516	0.168027
0.352167	0.908886	0.223394
0.487392	-0.786839	-0.378594
0.982844	-0.0162904	0.18372
0.0663826	-0.956417	0.284358
0.980613	-0.0493364	-0.189643
-0.339948	-0.244536	0.908096
-0.25523	-0.641924	0.723043
0.0868202	-0.333329	-0.938805
0.0315334	-0.176898	-0.983724
-0.141931	0.0639479	0.987809
-0.393832	-0.172783	0.902797
-0.21837	-0.744376	-0.631046
-0.837904	-0.0473075	0.543764
0.119183	0.953226	0.277768
0.412524	0.898806	0.148228
0.30615	-0.552103	0.775535
0.793461	0.25756	-0.551437
-0.714304	-0.669721	-0.203083
0.727391	0.586053	0.356994
0.990963	-0.131242	-0.0277028
-0.383227	0.233235	0.893722
-0.435845	-0.890643	0.129591
-0.227566	-0.069402	0.971286
0.224405	-0.911452	-0.344816
0.808784	-0.526238	-0.262568
-0.161144	0.412305	-0.896681
-0.0773469	0.567868	-0.819478
-0.602555	0.259733	0.75463
-0.440724	-0.644161	0.625156
-0.364615	-0.91452	-0.175239
-0.579632	0.0351188	0.814121
0.397656	0.372366	0.838578
-0.625137	0.32295	0.710568
0.389877	-0.0396966	-0.920011
-0.382619	-0.123915	0.915559
0.422721	0.515961	0.745045
-0.352937	-0.0586727	-0.933806
0.749777	0.573901	-0.329351
0.400741	-0.803291	-0.440602
0.796741	0.25977	0.54564
0.879465	0.0240522	-0.475355
0.010957	-0.848627	-0.528878
0.252012	-0.966948	0.0387439
-0.377053	0.364124	0.851613
0.623851	-0.398807	0.672133
-0.909508	0.409118	-0.0736085
-0.567385	-0.821167	-0.0613151
-0.284379	0.781058	0.555947
-0.10326	-0.816083	0.568635
0.341265	0.37465	-0.862076
-0.801805	-0.391458	-0.451519
-0.374205	-0.0749905	0.924309
0.316305	0.622448	0.715898
0.183975	0.362912	-0.913481
0.71238	0.667686	0.216123
-0.805696	-0.344329	-0.481967
0.219411	0.431212	-0.875166
0.831321	-0.273388	-0.483905
-0.380768	-0.525559	0.760792
-0.518336	-0.689839	-0.50542
-0.953038	-0.014715	-0.302494
0.738727	-0.67237	-0.0469156
0.313549	-0.830955	-0.459566
-0.776398	-0.156802	0.610426
-0.123468	0.985677	-0.114875
0.181803	-0.913314	-0.364425
-0.771154	-0.425572	-0.473509
-0.713854	-0.373083	-0.592639
-0.220571	0.975016	0.0262929
0.681542	-0.101355	-0.724726
-0.116099	-0.14708	-0.982287
-0.0331582	-0.773199	-0.633296
0.061529	0.998018	-0.013233
-0.641266	0.559137	0.525494
0.586059	-0.739815	-0.330468
-0.641441	0.53233	-0.55243
0.325721	0.94247	-0.0752106
-0.307052	-0.0561834	-0.950033
-0.714103	-0.694362	-0.0889894
0.386624	-0.119268	0.914493
-0.829703	-0.481945	-0.281643
-0.705065	0.450634	-0.547551
-0.449459	0.617614	0.645399
-0.733159	0.55023	0.399656
0.935302	0.0621689	0.348347
0.43477	-0.506172	-0.744825
0.191859	-0.974285	0.118146
0.690481	0.176486	-0.70149
0.133016	-0.880929	0.45417
-0.152688	-0.848258	0.507095
-0.598917	0.666664	0.443686
0.609354	0.540778	0.579867
-0.126098	0.44796	0.885117
0.97124	-0.088456	0.221063
-0.35568	-0.595806	-0.720075
0.175531	-0.977023	-0.12089
-0.832367	0.30709	-0.461368
-0.22932	0.221023	0.947925
0.416212	0.65618	0.629441
0.278192	0.665859	-0.692272
0.225537	0.941189	-0.251587
0.472294	0.877898	0.0789507
0.936215	0.325214	-0.133177
0.496923	0.761904	0.415415
0.503211	-0.667544	-0.548784
-0.702746	-0.194151	-0.684437
-0.0688037	0.126999	-0.989514
0.816522	0.402338	-0.414024
0.829714	-0.0994208	-0.549264
0.0621965	-0.990555	0.122202
0.326675	-0.394749	-0.858753
-0.651013	-0.72145	0.23599
-0.967396	-0.0178899	-0.252635
-0.393053	0.279531	0.875998
-0.148569	0.824441	0.546099
0.408429	0.220517	-0.885753
-0.257849	0.591395	-0.764045
-0.860391	-0.275916	-0.428484
0.994122	0.0708699	0.0818421
-0.0134358	0.756999	-0.653278
-0.621626	-0.152314	0.768363
0.353713	0.74336	-0.567717
-0.174292	0.247972	-0.95296
0.022205	0.183866	0.9827
-0.838065	0.171731	-0.517837
0.460452	0.552	-0.695183
0.0691169	0.326014	-0.942835
-0.443784	-0.166147	-0.880597
0.76418	-0.303741	0.569008
-0.532344	0.47264	0.702297
0.192229	-0.563015	0.80378
0.709346	0.694811	-0.118602
0.0289466	-0.710781	0.702817
0.325838	0.913904	-0.242092
-0.0497017	0.770002	-0.636103
0.621044	-0.752126	-0.220479
0.511039	-0.246059	0.823586
-0.0957983	0.676036	0.730615
0.538238	-0.827201	0.161361
0.326361	-0.773291	-0.543607
-0.958104	0.285137	0.0270762
0.795016	-0.214601	0.567359
-0.166262	-0.862685	0.47763
-0.586409	-0.669003	-0.456683
-0.134705	-0.388433	-0.911578
0.380545	0.858084	-0.344785
0.70892	0.363561	0.604364
-0.6786	-0.706265	0.201722
-0.144818	0.320649	0.936062
0.474937	-0.86846	-0.14217
-0.608272	0.76536	-0.210308
-0.439257	-0.872278	-0.214906
