0
-0.110594
-0.133571
-0.135276
-0.126289
-0.119193
-0.122802
-0.14321
-0.181905
-0.163726
-0.116348
-0.124032
-0.130667
-0.139561
-0.11825
-0.113061
-0.079342
-0.1448
-0.177248
-0.161166
-0.146212
-0.1778
-0.131709
-0.215514
-0.13653
-0.0588473
0.0179354
0.0263789
0.0288286
0.0033937
-0.0389321
-0.0318602
-0.0357545
0.0307666
0.057369
0.00190921
0.0400412
0.0912082
0.142766
0.121426
-0.0406983
-0.0663696
-0.00777362
-0.0432433
0.0280466
-0.0458319
-0.0842207
-0.0905986
-0.127526
-0.127276
-0.110369
-0.0952014
-0.0813773
-0.0899777
-0.116898
-0.112467
-0.125406
-0.16154
-0.158031
-0.0941487
-0.0581715
-0.0696924
-0.0251369
-0.0207884
-0.119348
-0.173551
-0.119182
-0.0387998
-0.0407367
-0.0269106
0.00428712
0.0114352
0.0129179
0.0187828
-0.0850048
-0.0584254
-0.0632934
-0.05152
0.00463685
0.0312392
0.0371139
0.0495458
0.0226312
-0.0223075
-0.0155742
-0.0240685
-0.0433056
-0.0960682
-0.0788785
-0.0502432
-0.0440479
-0.0846145
-0.0809187
-0.0775117
-0.0455524
-0.124649
-0.0836154
-0.0839362
-0.0496898
-0.00455338
0.0158427
0.0199666
-0.00586215
0.00992362
0.0452639
-0.0075154
-0.0555701
-0.0472129
-0.0468013
-0.017322
-0.0345193
-0.0430247
-0.020784
-0.0951569
0.00384603
0.0604863
0.036142
-0.00501935
-0.0258645
0.025451
0.0065394
0.0564536
0.0307687
0.0113996
-0.00097964
-0.0133987
0.00474152
-0.00455692
-0.0330224
-0.00371289
-0.0895505
0.0370038
0.0998181
0.0546028
0.0337672
0.0497864
0.0608167
0.0453607
0.0167116
-0.0334265
0.0231554
0.00275027
0.0406196
0.0379321
-0.0968376
0.0567947
0.0650527
0.0575498
0.0475822
0.0257852
-0.0247903
0.0510936
0.0431884
-0.0539221
0.0296193
0.0621432
0.0661433
0.0595272
0.0450745
0.0451362
-0.00495547
-0.0289454
-0.00144942
-0.00715672
0.00408056
0.0218949
0.0094291
0.0150675
0.0378375
0.0381308
0.0123072
-0.0858376
-0.0931385
-0.0532358
-0.04707
-0.0430857
-0.0543061
-0.0299511
-0.00744954
0.0127518
0.0459789
0.0329516
0.0454665
0.0502688
0.0131238
-0.0600889
0.0167791
0.0527235
0.0258925
0.109095
-0.034708
0.00301011
0.0290695
0.034225
0.0345956
-0.0323283
-0.00351019
-0.0108673
-0.0411821
-0.00407407
0.0797608
-0.0833877
-0.031566
-0.047938
-0.0152124
0.0240428
0.0224808
0.0714565
0.0812122
0.0571954
0.0532447
0.0162734
-0.0268983
0.0012109
-0.0242876
-0.122681
-0.0660031
-0.0060495
0.0223132
0.0219428
0.0416183
0.0283612
-0.0642071
-0.0340497
-0.00369861
0.0457077
0.0273092
0.0107251
0.0303092
0.0264029
-0.00564561
-0.0592509
-0.0284146
-0.0331586
-0.0925021
-0.0263045
-0.0849234
-0.0327358
0.0237768
0.0713171
0.0112544
-0.0699502
-0.0209368
0.0780242
0.0854594
0.0610498
0.00382696
0.0438184
0.0387681
0.0376238
-0.0218035
-0.0102344
0.0219764
-0.112684
-0.031398
-0.0377641
-0.0212165
-0.0210887
-0.018059
-0.0727748
-0.104025
-0.0194609
-0.0441428
0.00153615
0.0165536
0.0284447
0.0516688
0.0415604
-0.0142527
-0.017189
0.0135112
0.0627934
0.0772176
0.0692892
0.037908
0.0103783
0.00626466
-0.0218448
-0.153953
-0.0975708
-0.0722702
-0.0833503
-0.0539023
-0.0236435
-0.0726014
-0.105378
-0.0752759
-0.0288808
0.0295395
0.055585
0.0455052
0.0328828
-0.0089202
-0.0614021
-0.0541031
-0.0588163
-0.0173878
0.0286284
0.0628103
0.05591
0.031056
-0.00434927
-0.0505917
-0.0332641
-0.0689169
-0.0413715
-0.050202
-0.0562479
-0.067572
-0.0321901
-0.0166151
-0.0363763
-0.0169166
-0.0221315
-0.0229309
-0.0452653
-0.0183659
-0.033731
-0.032497
-0.0349407
-0.0944835
-0.0528646
-0.0195119
-0.0235328
0.00465553
0.0379573
0.0657502
0.066653
0.0250778
0.0513241
-0.016628
-0.00794679
-0.0224919
-0.0792607
-0.0827587
-0.060455
-0.0162801
-0.0117306
0.0710998
0.128866
0.0313238
0.0792953
0.0193095
0.0619476
0.0421333
-0.0161042
-0.0409857
-0.0524668
-0.0433473
-0.0424026
-0.0165839
-0.0800249
0.000180188
0.0101324
0.00616689
-0.0135786
-0.0763267
0.0468489
0.0206643
0.0621462
0.0252927
0.0658433
-0.0420038
-0.0097912
0.00741614
-0.0829938
-0.0900423
-0.0362198
0.0106921
0.0107935
-0.0240348
0.0164109
0.00963936
0.0273928
0.0120923
-0.0103248
-0.018431
0.0256818
-0.0113153
0.00472517
-0.0292318
-0.0325064
-0.153402
-0.111641
-0.0347851
-0.0229818
-0.0991165
-0.0361073
-0.0325609
-0.0183841
0.00508733
-0.0615376
0.0339426
0.0542764
-0.00355975
-0.0243461
0.00675967
-0.00746787
-0.00794494
-0.000257781
0.00730005
-0.0363099
-0.167107
-0.0266561
0.0423153
0.05056
0.0320129
-0.0114047
-0.0191499
-0.0404183
-0.0805256
0.029354
0.0604199
0.0706185
-0.0162347
0.0464409
0.095088
0.0564767
0.00820173
-0.0652637
-0.0132964
0.0466792
0.0688693
-0.00592986
0.00220247
0.0484654
0.072396
0.00395312
0.0354628
-0.022207
0.015856
0.0319892
0.0544991
0.0387743
-0.112511
-0.0317015
0.0292341
0.100768
-0.0278086
-0.0576653
0.0349958
0.0843573
-0.0658273
-0.0504547
0.0875049
0.105706
0.0907835
-0.00162228
0.0721388
0.0826738
0.00253686
0.0526071
-0.0180412
-0.0157412
-0.0306389
-0.0617879
-0.0785569
-0.00619599
-0.0130535
0.00160226
-0.00746948
-0.0230816
-0.0259346
-0.0424221
-0.0211942
0.00274244
0.00976317
-0.00869542
-0.0401552
-0.0651451
-0.0445714
-0.0517999
0.0173138
-0.0227257
-0.0267733
-0.0176364
0.0111747
-0.019797
-0.0586626
-0.0493172
-0.0393413
-0.0405419
-0.0443579
-0.0388302
-0.0242857
0.00645902
-0.0226864
-0.0755478
-0.0571694
-0.0241785
0.0272664
0.0206623
0.00796494
-0.0648636
-0.0632294
-0.0234409
-0.00776105
-0.00495206
0.0182991
0.0734456
0.0982504
0.050009
0.0195341
-0.0579231
-0.0774466
0.0750354
0.0255165
-0.0116585
0.0155863
-0.023371
0.0249393
0.0263573
0.0029271
0.0727895
0.0127494
0.0189848
0.00597809
0.00488793
-0.0286154
-0.0143733
-0.0213758
-0.0338631
-0.0879462
-0.0135554
0.0288496
-0.0640865
-0.00808739
0.0717601
0.0274096
-0.0205755
0.00660973
-0.00500578
0.0581994
0.105403
0.0010256
-0.012166
-0.0208179
0.0100153
0.0803985
-0.00560715
-0.0612
-0.0761249
-0.0598551
-0.0589538
-0.0462511
-0.0733648
-0.0429273
-0.0182512
-0.0272057
-0.054532
-0.0462139
-0.0124279
-0.0212793
-0.0367429
-0.0168992
-0.0327026
-0.0689185
-0.060407
-0.0742379
-0.0810148
-0.0752859
-0.0314025
-0.0512795
-0.0208255
-0.0153673
-0.00603831
-0.00653796
0.0496009
0.0724156
-0.0222583
-0.0255996
-0.0124902
-0.0194212
-0.00220106
-0.00866061
-0.0558276
-0.00471998
-0.0177921
0.0188576
-0.0490385
0.00777516
-0.0129423
0.0546359
0.0924411
0.0950234
0.0713105
0.0193433
0.0120754
0.0328642
-0.0109642
0.0069719
-0.0188172
-0.0226437
-0.00320015
-0.00416543
-0.121058
-0.0889172
-0.0251423
0.0274605
0.0112307
0.0207122
0.023151
0.00864487
-0.00936769
-0.00975685
-0.0239834
-0.0512451
-0.0280465
-0.0338583
-0.0331004
-0.0473084
-0.0319182
-0.0277501
0.0615498
0.0914655
-0.14372
-0.00198289
0.0393953
0.00962528
0.00413217
0.000853465
-0.00438728
0.0296668
0.0157755
-0.0221443
-0.08873
-0.030444
-0.0318165
0.0153153
0.076464
0.0851385
0.0292928
-0.00385888
-0.141858
0.00824561
0.0427576
0.0362554
-0.0598181
-0.0742686
0.0213768
0.039972
0.0503874
-0.0128276
0.067502
0.0972721
0.0553332
0.0593763
0.0816887
0.100173
0.081251
-0.0285229
0.0511002
-0.0299535
-0.125203
-0.133038
-0.102492
-0.0765777
-0.0354942
-0.0087049
0.0339475
0.0313796
-0.0479573
-0.0327805
-0.0155819
-0.0224639
-0.0516399
-0.0177618
-0.0726575
0.0263012
0.0181578
-0.0273004
0.00266777
-0.0208811
-0.0500157
-0.00479465
-0.0277725
-0.0604563
-0.0228219
0.0481663
0.0298562
-0.00376452
0.0395161
0.00540665
-0.0279526
-0.0203284
-0.00493914
-0.0374814
-0.015936
0.0241183
-0.0568459
0.0486968
0.0580641
-0.00654625
0.000716135
0.0373687
0.037731
0.00123388
-0.110225
-0.100078
0.0357342
0.120947
0.0659008
0.0365681
-0.0246973
-0.0101203
0.00772442
-0.0110107
-0.0095765
0.0200232
-0.0360069
-0.0396787
-0.0403923
-0.00236458
-0.0973451
-0.0687384
0.0799795
0.190341
-0.0559112
0.0417135
0.0592063
0.0175517
0.0334644
-0.0236786
0.0245757
0.0683717
0.0730332
-0.0704683
-0.0570763
0.0287308
0.0800633
0.0462911
0.0469403
0.0321781
0.0138413
0.0265353
0.0193025
-0.0635663
-0.188559
-0.0445684
-0.0101691
0.0257038
0.0135719
-0.0114916
-0.0507682
-0.0907298
-0.0548356
-0.0369466
-0.0510441
-0.0522934
-0.00506877
0.0202098
-0.001996
-0.00818584
-0.037531
-0.0224038
0.0340185
0.0395106
0.012873
0.0101745
7.10663e-05
-0.00412857
0.0295355
0.0178619
-0.0096998
-0.051117
-0.0271781
-0.0864953
-0.0114101
0.0491096
0.024966
-0.0249867
0.00993183
-0.0215484
-0.0116857
0.0209798
0.0249399
-0.0744597
-0.073609
-0.000959375
0.0208586
-0.0113697
-0.00601069
-0.0015698
-0.0307458
0.0129756
0.0055927
-0.00994
0.00633426
-0.0363304
-0.0549292
-0.10114
-0.00466774
0.0677214
0.050391
-0.00883651
-0.0195291
0.0532112
0.0811594
0.0263175
0.0179406
-0.0348401
-0.00868073
-0.0487494
-0.0241712
-0.00157673
-0.0311744
-0.0357065
-0.0514946
-0.100157
-0.0378795
0.0199226
0.0678213
-0.0090441
0.0284676
-0.0135134
0.0368793
0.041805
-0.049041
-0.0310601
-0.0344874
-0.0581657
-0.0552342
-0.021823
0.00138833
0.0170309
-0.0303926
-0.0373936
-0.0379165
-0.0547022
-0.00616727
0.00802765
-0.0135384
-0.00532646
-1.08223e-05
-0.177091
-0.0802466
0.00980529
-0.0117267
-0.00218546
-0.0357537
-0.00501817
0.0159853
0.0311764
0.0143643
0.00136718
-0.020243
0.00729876
0.0402771
0.0027206
-0.16554
-0.048416
0.0261471
0.014426
-0.0184087
0.0289902
0.0290021
0.00216585
-0.00559509
-0.00533877
-0.105332
-0.0194341
0.0275139
-0.0118522
-0.0305505
0.0257516
0.0113787
0.037111
0.0183177
-0.0651665
-0.119216
0.0114925
0.0554508
-0.00619964
-0.132697
-0.0257134
0.0875346
0.117476
0.00252359
-0.0115236
-0.0203829
-0.00111981
-0.0300141
0.0187596
0.0239902
0.0444561
0.0695909
0.0893302
0.09758
0.0883561
0.109454
-0.0880516
-0.0563252
-0.0914733
-0.0298477
-0.0463313
-0.11509
-0.136172
-0.0634244
0.0310453
0.0386925
-0.0160739
-0.0282154
-0.00884589
-0.00782085
0.00604971
0.0228258
0.0181131
-0.0307457
-0.0639823
-0.0543017
-0.00449699
-0.0116138
-0.0735056
-0.0315256
-0.0337268
-0.0722748
-0.0627214
-0.0356699
-0.0280384
0.0139239
-0.0355999
-0.0497653
-0.0433915
0.0036723
-0.140152
-0.0340033
-0.0212122
0.0728519
0.016346
-0.10757
-0.0107117
0.0400286
0.0056449
-0.0175377
0.0174619
-0.0687075
-0.0374493
0.0255289
0.00413504
0.010842
0.0192942
0.0188659
0.054788
0.0623655
0.0227149
-0.00968055
-0.0131013
-0.017143
-0.011243
0.0418141
0.0704217
0.0406296
0.00712945
-0.00571157
-0.045905
-0.0783014
-0.0313004
0.0314134
0.0222752
-0.0082756
-0.000617419
-0.0115201
-0.0240944
-0.0653686
-0.0339294
-0.0794689
-0.0648545
-0.0454372
-0.0536339
0.0152872
0.0291377
0.042293
-0.0613647
-0.0318543
-0.028598
0.00347989
0.00116344
-0.0322465
0.0196914
0.0100434
0.0399146
0.0728489
-0.0496913
-0.0201977
-0.0302023
-0.0293351
0.00187338
0.0306594
0.00113005
-0.0130589
-0.0122498
-0.00766942
-0.0062521
-0.0215706
-0.0127644
-0.0256065
0.000666681
0.00389872
-0.00778473
-0.058939
-0.00818253
-0.0306525
-0.0439242
-0.0916779
-0.134964
-0.0724681
0.0198356
0.0237946
0.0962819
-0.0338515
-0.0252519
0.0354797
0.0381216
0.0625783
0.0647816
-0.0191194
-0.133933
0.0153565
0.0392579
0.0355618
0.00255087
0.00348833
-0.00377194
-0.0331663
-0.0422797
-0.0240986
-0.04385
-0.0292361
-0.0320543
-0.0175386
-0.00402621
-0.0626969
-0.0208105
0.0072625
0.0113977
-0.144546
-0.101445
-0.114404
-0.0767445
0.0309813
0.0575664
0.0793359
0.0814896
0.0239224
0.0310775
-0.0639359
0.015902
-0.0117065
-0.00989886
-0.0238962
-0.0400348
-0.00754472
-0.0745059
-0.0546611
-0.026542
-0.0353664
-0.0232433
-0.0197557
0.0318606
-0.0441148
-0.0284626
0.0621932
0.0571481
0.0444316
0.0671312
0.0508713
0.0253226
0.0123803
0.0209743
-0.0174852
0.00512128
0.00731462
-0.0163684
-0.110996
-0.108362
-0.039298
0.0123906
-0.0211258
-0.00275118
-0.039568
-0.0925697
-0.0923591
0.0328534
0.0579616
-0.00760719
0.0213442
0.00852163
-0.0441416
-0.0235062
-0.0103701
-0.0145097
0.06761
0.0578294
0.0319058
-0.0377344
-0.0976204
-0.0228404
0.0230975
0.00639259
0.00432248
-0.0158509
0.0195549
0.0497929
0.0330733
0.0284825
0.0387335
0.0309124
0.0140827
0.00967495
0.0126424
-0.0519168
-0.135878
-0.0730076
-0.00296696
0.0704945
-0.109707
-0.0131474
-0.0125538
-0.00813285
0.012819
0.0122388
0.0136599
0.0616968
-0.0352726
-0.0292115
0.0092067
0.0205935
0.0121624
-0.0294248
-0.0924554
-0.0276814
-0.0144195
-0.00342894
-0.0192727
-0.0065109
-0.000147954
0.0251389
0.0417269
-0.0327096
-0.0459444
-0.0038154
0.0140392
0.0186924
0.0293612
0.0299755
0.00842376
0.0212044
-0.0780068
-0.0629725
-0.0955864
-0.0927127
-0.0506874
-0.0506464
-0.088533
-0.0276827
0.0322159
0.0426429
-0.0337591
0.0675737
0.109049
0.0837672
0.0327705
0.0904761
0.0990217
0.102672
0.0433636
0.0146601
-0.0485902
0.0112701
0.0979861
-0.0414356
-0.0221586
-0.0122397
0.0371741
0.0337943
0.0677423
0.07469
-0.0604054
0.0431075
0.0559794
0.00972247
-0.0261821
-0.0485837
-0.00922111
0.0104539
-0.0437396
-0.104563
-0.0659588
-0.0257271
-0.0148665
-0.0205175
-0.0171639
-0.00703912
0.0303504
-0.0112861
-0.101621
0.0391309
0.0626412
0.055647
0.0324838
0.0134415
-0.0123315
-0.0408974
-0.0291682
-0.000137768
-0.00720883
-0.118398
-0.0810637
-0.0453401
-0.0596731
-0.0565062
-0.127805
-0.0470155
0.0483056
-0.000582692
-0.0866007
0.0113973
0.1129
0.131607
0.105952
0.107778
0.11848
0.111394
0.00550895
0.00750341
0.0156199
-0.0813389
-0.121941
-0.0335596
-0.0128438
-0.0353614
0.0225971
0.006079
-0.0343523
0.0614274
0.124576
0.123791
-0.0126492
0.023138
-0.00223028
0.0203537
0.00783038
-0.00558452
-0.047181
-0.033109
-0.0201017
0.000482151
0.0303593
0.0264781
0.0754512
-0.0155058
0.043541
0.00771479
0.0622444
0.0644644
0.0242185
-0.0171734
0.0229477
0.0224162
-0.025657
-0.012073
-0.113754
-0.0563668
0.038901
-0.0153914
-0.0400087
-0.000642381
0.0429949
0.0428401
-0.0238576
-0.0199238
-0.0271764
-0.0235771
0.00498411
0.00566617
-0.00272489
-0.0401784
-0.0245238
-0.0136385
0.00651457
-0.00450817
-0.0485442
-0.0235529
-0.041117
-0.00641638
0.0167968
-0.0184771
-0.0422468
-0.00818476
0.045571
-0.0263072
-0.0431726
0.0142769
0.0327806
0.00742814
0.0380083
0.0570649
0.0789574
0.01476
0.0381921
0.00238177
-0.0306651
0.0413661
0.0602038
0.0176892
0.034972
-0.0319326
-0.0261705
-0.0784688
-0.000454184
0.0442425
0.0949067
0.102254
0.102752
0.0918016
0.0297785
0.0128762
-0.0508788
-0.118654
0.00513236
0.020141
-0.00106628
-0.0190431
-0.011311
-0.0161016
0.0219094
0.0276624
0.0434992
0.0234109
0.0442652
-0.0536636
-0.00216367
0.0212476
-0.0165862
-0.0645271
-0.0285933
-0.00733616
-0.0103121
0.0110155
-0.0260513
-0.0401292
-0.0744843
-0.0564496
-0.0587887
-0.0140259
0.00149382
-0.0161534
0.0121114
0.0849363
0.0116285
0.0659328
0.0258524
0.0109416
0.0124017
0.0322228
-0.0127458
-0.0373181
-0.0123825
-0.120852
-0.0411371
-0.038346
-0.0345241
0.0408405
0.019464
0.0430505
0.0332588
0.0318447
-0.00568539
0.0279589
0.0302145
-0.027529
-0.0329022
-0.0163803
-0.00224354
-0.00791771
-0.00493791
-0.00903578
-0.0101049
-0.01051
-0.0584969
-0.0138531
-0.0715484
-0.0107108
0.0253287
0.0468734
0.0731799
-0.0586979
-0.0414165
-0.0326549
-0.027531
-0.0450309
-0.0586489
-0.0864295
-0.131335
-0.0857777
-0.0480934
-0.0101955
0.00826474
-0.0624896
0.0354537
0.0233261
-0.15318
-0.011605
0.0453322
0.0300223
0.0660158
0.0739398
0.0252973
-0.0655581
0.0195059
0.0401362
0.0374102
0.048772
0.00919576
-0.00272265
0.00223876
0.00140156
0.0119205
-0.0131628
-0.00391764
-0.0704786
-0.093785
-0.0495067
-0.0997819
-0.0719312
-0.0799614
-0.0354872
-0.00297894
0.0425138
0.0606667
0.0876587
0.0320262
0.0841947
-0.0331744
0.026634
-0.0570401
-0.0880107
-0.0866874
0.0328162
0.0404465
0.0408055
-0.139574
-0.0994773
-0.0702773
-0.0646008
-0.0111317
-0.0365676
-0.0273996
-0.0321554
0.0247963
0.0484299
-0.0562104
-0.023856
0.015893
-0.0689451
-0.0629802
-0.0982222
-0.0206989
0.0233219
-0.0961575
-0.0503088
-0.0658296
-0.0348017
-0.0217546
-0.0360439
-0.0855734
-0.0144104
0.026722
0.0511279
0.0437418
-0.00156979
-0.0591017
-0.0438924
-0.0468039
-0.0163223
0.00908741
0.00491102
-0.112207
-0.0165458
-0.0810588
-0.0140418
-0.034122
0.00985711
-0.0293923
-0.059809
-0.00995578
0.063247
0.0816844
0.0228692
0.0268929
0.0455671
0.0313512
0.0108698
0.0439928
-0.0703509
-0.0712969
-0.0348241
-0.071075
-0.0612271
-0.0245317
-0.0416623
-0.0474549
-0.0157676
-0.00796469
-0.0193745
-0.0412609
-0.0428718
0.00430874
0.00626447
-0.0334343
-0.0101342
0.00565299
-0.0471241
-0.0517429
0.0375847
0.00702954
0.0102764
-0.0376833
-0.0169015
0.0289222
0.00186222
-0.0206238
0.0288269
-0.0207483
-0.0460468
-0.0215547
0.0229861
-0.0197953
0.0180743
0.0261721
-0.0727074
0.0222435
0.0550006
0.00113793
-0.0370053
0.00428979
-0.017392
-0.00913923
-0.0393253
-0.0954805
0.0132221
0.0509043
0.0628482
0.0382436
0.0229729
0.0952932
0.0662552
0.0270266
0.0070383
-0.0159536
-0.0068973
-0.0237184
-0.0516628
0.0242965
0.0269271
-0.0525596
0.024767
0.0475485
0.0333728
0.0405526
-0.0164681
-0.0259654
-0.0199317
0.024108
-0.0555254
-0.0464889
-0.0366453
-0.0590906
0.0165086
0.0602414
-0.0309202
-0.0656731
-0.029285
0.00971844
-0.0222397
0.0725516
0.117898
0.078212
0.128268
0.153801
0.125482
0.000287447
0.0396159
0.031624
0.0119663
0.00690749
0.0235719
0.0193587
-0.0630482
-0.0441803
-0.0378519
-0.0252107
-0.0895411
-0.0739924
-0.0651631
-0.0617801
-0.03248
-0.0300109
-0.087311
-0.0508237
-0.0222588
-0.0211793
-0.0219467
-0.0149416
-0.0118991
0.0086502
0.0197051
0.00563669
0.0428916
-0.106016
-0.0795783
-0.0657907
-0.0387991
-0.0561281
-0.0202524
-0.0104467
-0.0514507
-0.0401003
-0.0330027
-0.0288899
-0.041716
-0.0447479
-0.0454977
-0.0360924
-0.0131119
-0.0243308
-0.00889461
-0.0207217
-0.0145012
-0.0615472
-0.065779
0.0297689
0.0218488
-0.00307236
-0.138151
-0.0238807
0.0237276
0.0680419
0.0307223
-0.018405
-0.00460444
-0.0101814
0.0076609
-0.0931512
-0.105305
-0.0541017
0.0303983
0.043779
0.00597102
-0.00303204
-0.0441039
0.026296
0.0929018
0.0654905
0.0553341
0.0556362
0.0990584
-0.0690787
0.0050923
-0.0243647
-0.0723137
-0.0790528
-0.122235
-0.133326
0.00143212
0.00926594
-0.00207095
-0.0109305
-0.00656412
0.0645863
0.0411596
0.017855
0.0384292
0.0683904
0.0636458
0.0253943
-0.0186929
0.0104111
-0.0206129
-0.0141808
-0.00789325
-0.054502
-0.0493827
-0.0419242
-0.0651187
-0.117314
-0.0562371
-0.0587286
-0.0601027
-0.0674336
-0.0740514
-0.086134
0.0503227
0.0768757
-0.0453363
0.01775
0.0374407
-0.00176523
-0.0476498
-0.0146409
-0.0332806
-0.12653
-0.0267592
-0.0847654
0.0218671
0.0794643
-0.12624
0.0258552
0.0867461
0.0363299
0.036764
0.0322255
0.00618667
-0.0320519
-0.024887
0.0174128
0.0121805
-0.0112195
-0.0235211
-0.037841
-0.0399936
-0.0540969
-0.0203716
-0.0484327
-0.0734812
-0.0133471
-0.0374656
-0.00448031
-0.0259269
-0.0559072
-0.00369871
0.0116288
0.0580605
0.06248
0.079382
0.0853226
0.0611113
0.0730439
0.0418165
0.0271336
-0.00390368
0.0502663
0.0774464
0.0125562
-0.0709231
-0.0195252
-0.0011492
-0.00253152
-0.124852
-0.0301814
0.00537935
-0.0181953
-0.00380512
-0.0154194
-0.0224918
-0.0271577
-0.0179976
0.0342901
0.00914882
-0.0416794
-0.0319243
-0.0473437
-0.0474194
-0.0344453
-0.0376385
-0.0232604
0.0102493
-0.01459
-0.0546252
0.0375747
0.0464091
0.0343274
0.0303868
-0.0735597
0.00368549
0.00120822
0.00215722
-0.0402151
-0.0351709
-0.0374781
-0.0371866
-0.0121626
0.0012132
-0.00252413
0.0163381
-0.0524161
-0.0879026
0.022523
-0.0242975
0.00584226
-0.0874774
0.0631318
-0.000599271
0.0223687
-0.0129389
-0.00965716
0.0577304
0.0668202
0.0515059
-0.0122798
-0.0333309
0.00293592
-0.0467063
0.0245124
0.0114383
-0.0861739
-0.00408428
0.0100145
-0.0177352
0.00356945
-0.00673321
-0.0365797
0.0853668
0.147517
0.0938905
0.0696503
0.0631493
0.0951678
0.0649867
-0.0743084
-0.0155904
0.0447705
0.0270184
0.0104051
-0.0998212
-0.00204167
0.0262416
0.013095
-0.0133889
0.070395
-0.0243556
-0.0437462
-0.0352966
0.0276719
0.063758
0.0292531
0.0164225
0.00147401
0.0102917
0.0341041
0.0263419
-0.036789
0.034288
0.0188112
0.0319772
0.015746
0.00811143
0.0248887
0.0118124
0.024794
-0.0766351
-0.0713966
-0.0492769
-0.004562
0.030773
-0.0074777
-0.0319351
-0.0459455
0.00738756
0.0655375
-0.0300212
-0.0672965
0.0288865
0.0566788
0.0271893
0.0108064
-0.0634644
-0.081599
-0.0895937
0.00101843
0.00921842
0.0119705
-0.0012124
-0.0330019
0.0282292
0.0167344
-0.0148931
0.0176294
0.0614367
0.0427076
0.0242438
0.0545746
-0.0239135
-0.00627368
0.0123798
-0.0369335
-0.0912332
-0.0174455
-0.0367496
-0.0362296
-0.0451448
-0.0268684
-0.049965
0.0104255
-0.0419897
-0.0788816
0.0103244
0.061063
0.0919646
0.0902102
0.0414865
0.0137355
0.0196798
0.0116855
-0.0181964
-0.0419059
-0.0574523
-0.0226981
-0.0241711
-0.16356
-0.056709
0.0381438
0.0351889
-0.0128914
-0.00214332
0.0714188
0.0643743
0.000730347
0.0646914
0.114599
0.138792
-0.0524167
0.00403003
0.016894
-0.131992
-0.0460504
-0.0224586
-0.0456729
-0.0430221
-0.0687432
-0.0698692
-0.0834903
0.0197532
0.0639881
0.0742205
0.0335327
0.00832998
0.037973
0.010475
0.0215659
0.0184908
0.0106926
0.00772649
0.0161079
-0.0434503
-0.0120295
-0.045502
-0.0697641
0.0138041
-0.0108563
-0.0961328
-0.0609781
-0.0804711
-0.00724424
-0.129923
-0.0673947
-0.0294921
-0.0358255
-0.00323175
-0.00701619
0.00625033
-0.015196
-0.00116314
-0.0491552
0.0978994
0.136762
0.153627
0.125119
0.121605
0.0498755
0.0034366
-0.0728263
-0.0472307
0.0219495
0.0569818
0.0380546
0.0412654
0.0301094
-0.0289625
0.0176548
-0.0370627
-0.0522363
0.0492989
0.118825
-0.0188953
-0.0507143
-0.0152464
-0.0150971
0.0579831
0.109161
0.0451305
0.12685
0.101047
0.0799006
0.0459056
0.0300771
0.0204055
0.0363978
-0.0372177
-0.110052
-0.00950029
-0.00819337
-0.0215095
-0.00822516
0.0340039
-0.0835245
-0.0133416
-0.0197115
0.0525634
0.059665
0.0492815
0.0349621
0.057418
0.0808067
0.0190088
0.0174622
0.0282895
0.0497774
0.0499519
0.047555
-0.0423866
0.00681878
-0.00706887
0.0127775
-0.138545
-0.128729
-0.0901987
-0.0218842
0.00289821
0.00374358
0.0268546
0.0290886
0.0389379
0.0269607
-0.000604954
-0.0191153
0.00564691
-0.0140674
-0.0670102
-0.041112
-0.0304539
-0.0309621
0.00202058
0.0106027
-0.0370825
-0.0441252
-0.0288825
0.0377698
0.0322178
0.0147374
0.019235
0.0159614
0.0164887
-0.00166535
-0.048162
-0.037675
-0.00625075
0.0109239
-0.0854063
-0.05419
-0.0483108
-0.054832
-0.0391864
-0.00337557
0.00182474
-0.00745193
0.00605848
0.021657
0.073303
0.0447214
0.0318772
0.0505524
0.0884872
-0.0745485
-0.0102416
-0.0391035
-0.0802311
-0.0268308
-0.0602945
0.00415016
0.00282967
-0.027045
-0.0169232
0.0126475
-0.0495803
-0.0159712
0.0177824
0.00252309
-0.0340024
-0.0017625
-0.011802
0.0208156
0.0222808
0.00884385
-0.0110261
-0.00745335
-0.0240405
-0.0645024
-0.0310969
-0.0185818
-0.024408
0.00427785
0.0146374
0.014861
-0.0436673
-0.0110465
-0.0655975
-0.031025
0.0132389
0.0295463
0.0193542
-0.0110403
-0.039174
-0.0376908
-0.0333175
-0.0109878
0.0218414
0.0184569
-0.0146205
-0.0320767
0.0130677
0.00971689
0.00030072
0.0117554
0.0232082
-0.0124696
-0.038462
-0.0251345
-0.0215213
-0.0323198
-0.086523
-0.0635686
-0.0830565
0.00760054
-0.052806
0.00801436
0.00745502
-0.0283132
-0.0253392
-0.0624841
-0.0498434
-0.0103366
0.0139479
-0.0258745
0.0425041
0.0551253
-0.049745
-0.0241662
0.0663005
-0.00409623
-0.00501612
-0.0280567
-0.0418824
0.0116913
-0.0125351
0.0143078
-0.0443827
-0.039335
-0.00494429
-0.0407568
-0.0427122
-0.0477735
-0.00722335
-0.000918696
-0.0951612
-0.0410968
-0.01574
0.0233559
0.0108349
-0.105824
-0.0135629
0.0979298
0.053168
0.0174241
0.0336065
0.0982134
-0.0107745
0.0308706
0.00316587
0.00259214
0.00461613
0.0198709
0.000330458
-0.0630755
-0.200999
-0.0272371
0.102955
0.0872001
0.0554174
0.063989
0.0247881
-0.0468351
-0.00228235
0.0257953
-0.0236863
0.0048121
0.0342585
0.0508416
-0.0540069
-0.0521598
-0.03591
-0.0135318
0.0703077
0.063936
-0.0291122
7.85533e-05
-0.0608389
0.0232887
0.0390319
0.017415
0.00331473
0.015585
0.0237996
-0.0272683
-0.0224725
-0.0420369
-0.0158494
-0.0162825
0.000685976
-0.0777489
-0.0997262
-0.0275752
0.00943711
0.0269678
0.0376813
0.0400578
0.0314509
0.0457433
0.00404969
-0.0684332
0.00452691
0.0349245
0.0327646
0.0420477
-0.0519607
-0.0998647
-0.0753167
-0.0323563
0.00244224
0.0189832
0.018805
0.0274226
0.0262713
0.0190447
-0.0106502
-0.00266687
0.00585897
0.00243064
-0.0110621
-0.0927643
-0.0903152
0.0301458
0.0224435
-0.0171691
-0.00548579
0.0137978
-0.0287535
0.0139136
0.0445027
0.0527723
0.00454573
-0.000985592
0.00334201
-0.096865
-0.00420725
0.00548777
-0.013492
-0.0199272
-0.0559176
-0.058619
-0.0340619
-0.044084
-0.0416281
-0.0360291
-0.0215136
-0.0134955
-0.0679035
-0.0426865
-0.0363469
-0.0498746
-0.0501336
-0.0807082
-0.0548235
-0.023756
0.0151007
0.00933421
-0.0326912
0.0033999
0.0173098
0.0170754
0.0148331
-0.0458653
0.00662036
0.00346189
-0.146133
-0.00851845
0.0214828
0.0213397
-0.00407973
-0.120561
-0.057345
-0.011467
-0.00369379
-0.00872424
-0.0603241
-0.0484379
-0.0406908
-0.044977
-0.0297595
-0.0499352
-0.0908317
-0.0965986
0.0851808
-0.0172603
0.0541218
0.0324173
0.0469811
-0.0080154
-0.0190786
-0.0184283
-0.00193166
0.0205111
0.0301972
0.0341365
0.0174145
-0.0111255
0.0341091
-0.00338365
-0.0471331
-0.115778
-0.0324953
0.0481565
0.0468853
0.0284319
-0.00102315
-0.0385485
-0.0434878
-0.0677217
-0.0170186
0.0222809
0.0486734
0.0253571
-0.00529907
0.0115626
0.0176551
-0.0403434
-0.038377
-0.00671328
0.00117807
0.014308
0.0140439
0.0222435
0.00555072
0.0347582
-0.0875561
-0.0774786
0.0287318
-0.0251274
0.0331586
0.0326939
-0.0226735
0.00714526
0.0364672
0.0655098
0.0599713
0.00842322
-0.0379027
-0.0275561
-0.021254
-0.00793858
-0.0142758
-0.0441234
-0.0829176
-0.0167363
-0.0228151
-0.0195038
-0.0293375
-0.00977382
-0.0244428
0.0112315
-0.015465
-0.01969
-0.0587533
-0.058378
-0.0515925
0.00643169
0.0100104
-0.0160601
-0.0257505
-0.0253922
-0.0229006
-0.0271077
-0.0100528
0.0145502
-0.00190476
-0.0459876
0.0346679
0.00367578
-0.0178974
-0.127327
-0.0229434
-0.0651965
-0.0546279
-0.0209667
0.0202284
0.0350737
-0.00471411
-0.00998068
0.000421786
0.0208336
-0.0404752
-0.0469333
-0.0137365
-0.0429643
-0.186459
-0.0320829
0.0291169
0.0709749
0.00276889
-0.0354954
-0.00357686
0.020884
0.0281563
-0.00211444
0.0188104
0.0195259
-0.042817
-0.0535937
-0.0525712
0.024944
-0.129582
-0.0600772
-0.0488847
-0.0512751
0.00398088
0.0596388
0.00314261
-0.0416437
-0.0419105
0.0165499
0.0691478
0.0751459
-0.0445979
0.0585671
0.1028
-0.0695812
0.0141274
-0.00524086
0.037399
0.0368671
0.0221968
-0.0043453
-0.00940439
-0.0210355
-0.00308812
-0.0237414
0.00875112
-0.0196115
0.0249987
-0.0493453
-0.0118716
-0.0103456
0.0590404
0.0895824
0.0436501
0.0341743
0.0288206
0.021398
0.00282259
0.00602543
0.00736165
-0.0469684
-0.0376454
-0.0281277
-0.0602918
-0.0727054
-0.0205979
-0.00893143
0.0815031
0.0187174
-0.0228188
-0.00946322
0.00399112
0.0218087
0.0395822
0.0564839
0.0191666
-0.00514799
0.0621408
0.0598442
0.0213266
0.00150975
-0.0298903
-0.00609697
0.0715979
-0.0380442
-0.0629631
-0.029263
-0.0363064
-0.0231901
-0.0138284
0.00384475
0.0103819
0.0244797
0.0355833
0.029528
0.00163436
0.0382442
-0.0163194
-0.0335833
-0.0116049
-0.0279706
-0.0346887
-0.0402809
0.0189494
0.0106316
-0.0680249
-0.0432666
-0.00880618
0.0122906
0.0442609
0.0776136
0.0670904
0.0424266
0.0150014
0.00741933
-0.0567521
0.00642348
0.0370666
-0.0561164
-0.0393266
-0.00320994
0.010618
-0.0490272
-0.148696
-0.0268364
-0.00574105
-0.0189872
-0.0369451
-0.00974491
0.0164987
-0.014075
-0.0216767
-0.0758108
0.000356262
-0.0159014
-0.0389215
-0.0626882
-0.0530958
-0.0406491
-0.0203812
-0.0665698
-0.0839509
-0.138729
0.00737078
-0.0503301
0.000440872
0.0496121
0.0277538
0.0925581
0.0625823
0.0298798
-0.00774354
-0.0461298
0.0105959
0.104212
0.0834578
-0.0852061
-0.0465784
-0.0116946
-0.0502359
0.0446303
0.0811402
0.0256218
0.0074516
0.00292241
0.00721009
0.000766242
0.00121901
0.0271928
0.0173463
0.0436232
0.0618327
0.0521088
0.038714
0.0276219
0.0305117
0.0256079
0.0250635
-0.104296
-0.0653479
-0.0634005
-0.0579799
-0.0452733
-0.0321198
-0.0485934
-0.0565986
-0.0172833
-0.00210116
-0.0993726
-0.071396
-0.0283228
-0.056065
-0.0411524
-0.00778264
-0.0695605
-0.161807
-0.00852759
0.0278184
-0.00564154
-0.0238417
0.0219466
-0.0313443
-0.0300708
0.0648434
0.0789745
0.0502636
-0.0141274
0.0313636
0.0348646
0.027037
0.0195292
-0.0370737
-0.00370768
0.0287902
0.0118633
-0.0170703
-0.000775674
-0.00842037
0.0190106
0.0525974
0.0485352
0.0100222
-0.0792257
-0.0194265
-0.00941916
0.0197072
0.0027263
-0.0264308
-0.0376421
-0.0432399
-0.00241101
0.0137196
-0.014669
-0.0359123
0.0180338
0.0342293
-0.0147575
-0.145434
-0.0966989
-0.00707264
0.029991
-0.106267
-0.0513722
0.0613582
0.0999395
0.096269
0.0385156
-0.0177332
0.0302545
0.000916573
-0.00677059
0.0411714
-0.0281216
-0.00260105
0.0493389
0.0289002
0.0465587
-0.0545595
0.01845
-0.000128763
-0.0321082
0.0106075
0.0227498
-0.160829
-0.0458818
-0.000116242
-0.0326789
-0.0287752
-0.0254662
-0.00407189
-0.00442358
0.00884101
4.03042e-05
0.00800831
0.0351739
0.0611566
0.0278774
-0.0611752
-0.0693847
-0.00578504
0.0222228
-0.0466794
-0.154284
-0.0387394
0.0160937
0.0173981
0.0290319
0.00979203
0.0390024
0.0485386
0.0567831
-0.0662984
-0.00634507
-0.0489759
-0.0164187
-0.0209249
-0.0570331
-0.0190965
-0.0180443
-0.0150053
-0.100352
-0.056975
-0.0387903
-0.0320013
-0.0251173
-0.0428291
-0.0241606
-0.0400984
-0.130011
0.0184136
0.0763336
0.0861274
0.109907
0.0533525
0.0618397
0.0748926
0.0260241
0.0278068
-0.0962246
0.0129075
0.0226995
0.00975031
0.00541762
-0.0288748
-0.0432754
-0.0536269
-0.0412134
-0.0409849
0.00746197
0.0251593
-0.0244792
-0.0641464
-0.0603744
-0.0518242
0.0177619
0.0326752
-0.0802599
-0.0453119
-0.0444413
-0.0503192
-0.0427378
-0.0429048
0.000985092
-0.0219041
-0.0102273
-0.0182992
-0.0252031
-0.0407585
0.0323452
0.084656
0.0821264
0.0424329
0.069176
0.0767619
0.059795
0.0533307
0.0236044
0.00286995
-0.00376193
-0.0165553
-0.0389479
-0.022464
-0.0193418
-0.0386218
-0.0334922
-0.0462162
-0.0460989
-0.0537643
-0.0112972
-0.0383765
-0.0220055
-0.0167684
-0.0212393
-0.130931
0.00369669
0.0615333
0.0577571
0.0430516
0.024263
-0.0277186
-0.0159946
0.00553175
-0.0126575
-0.13621
-0.0272103
-0.00966071
-0.0762953
-0.0735891
-0.0641324
-0.00899354
0.0455853
-0.0151975
0.0755695
0.0187134
0.0171461
0.0284537
0.0284514
0.0252602
0.0199452
-0.0235937
0.000526885
0.027542
0.0668485
0.0196966
-0.061122
-0.0171793
-0.00203794
0.000580434
-3.42433e-06
0.00409624
-0.00970101
-0.0189946
-0.0264953
-0.0666566
-0.158284
-0.0804014
-0.0537695
-0.0490329
-0.0603393
-0.0549103
0.000205103
0.0211157
0.0242182
-0.0572961
-0.0119196
0.0472597
-0.0938115
-0.0381571
0.0227889
0.0109517
-0.0443352
-0.0173513
0.0636772
0.111464
0.0373812
0.0290476
0.0676235
0.0363718
0.0177026
-0.0203127
-0.0608864
-0.102738
-0.0399239
0.033204
-0.0166375
0.0311472
-0.0238415
-0.00622392
0.00256884
0.0371292
0.0246271
0.0110094
0.00206441
-0.0365166
-0.0174732
0.0742638
-0.0161486
0.0178473
-0.0390412
-0.0733359
-0.0851099
-0.073663
-0.0172623
0.0186546
0.0233997
0.0255959
-0.0444023
-0.0503466
-0.0069031
-0.0170111
-0.0427588
-0.0482537
0.0134171
-0.00334568
-0.0172606
-0.0457784
-0.11856
-0.0546121
0.0719933
-0.00518374
0.0184803
0.0487716
0.0668939
0.0617737
0.0545543
0.0210029
-0.0508891
0.00442785
-0.00480269
-0.0260111
-0.047499
-0.0105486
0.00507835
-0.105338
-0.0403454
-0.0566896
-0.111361
-0.0793925
-0.0325437
-0.0748774
-0.0439986
-0.0219968
-0.033114
0.00562032
-0.0198029
-0.0727308
0.0560802
-0.000808174
-0.0164501
-0.08757
0.0368359
0.0348365
0.0720565
0.0382995
-0.0727139
0.0245121
0.0792559
0.00514043
-0.0825734
-0.0277392
-0.00242485
0.0206294
0.0360964
0.0314989
0.0609449
0.0563786
0.0271541
0.0149853
0.0281839
0.0372017
0.0308731
0.0299454
0.0195176
-0.0309511
-0.0668415
-0.0701332
-0.00827654
-0.0304795
-0.0339069
-0.0542349
-0.0955637
-0.0347216
-0.0106963
0.0243548
0.0380022
-0.0117485
-0.120487
-0.0899836
-0.0419168
-0.0629896
-0.0777374
-0.0492926
-0.0338076
0.00582236
0.0228812
0.0298971
-0.0410638
0.0193867
0.041671
0.00596684
-0.0103256
-0.00235688
-0.00578365
-0.038317
-0.0352017
-0.0479737
0.00161174
-0.0286373
-0.0226013
-0.0743888
-0.151731
-0.0341656
0.025059
0.0163018
0.0031199
-0.00678711
-0.0238896
-0.0161
-0.0181163
-0.0423231
-0.00999814
-0.00413631
-0.0103628
0.0112697
0.0243084
-0.0640528
-0.0688139
-0.0597842
-0.0165652
0.0155007
0.0484156
0.0814944
0.114154
0.0340175
0.0644959
0.0502647
0.0285664
-0.0138365
-0.0180121
-0.0420446
-0.00157185
-0.0452412
-0.056466
-0.0201146
0.0328664
0.0438095
-0.0917255
-0.0781049
-0.0630895
-0.0390601
-0.0556453
-0.0364738
-0.0295043
-0.033602
-0.027975
-0.0151886
-0.0258622
-0.0266552
-0.0484825
0.023971
-0.0326508
-0.0136395
-0.00541362
0.0388634
0.0282003
0.00956616
-0.0442607
-0.109956
-0.123628
0.0414095
0.111273
0.105876
0.116992
-0.0296062
0.00288408
-0.000585876
0.0281264
0.0678008
0.101482
0.0618856
-0.0102443
0.007587
0.0425819
0.00158611
-0.0169054
-0.0567992
0.0279451
0.00965503
-0.057026
-0.0118926
-0.0560253
-0.0073632
-0.0187292
-0.0167096
-0.0790423
-0.210121
-0.154424
0.00484544
0.0187704
0.0279217
0.00836537
-0.0191528
0.00114096
0.0164663
0.0207404
0.0579175
0.0432554
-0.0526944
-0.0512696
-0.0801373
-0.0411734
-0.0283086
0.0858578
-0.0386776
0.051444
0.086241
0.0849159
0.081088
0.0074391
-0.0431943
-0.011576
-0.0259129
-0.0730419
-0.081737
-0.106346
-0.0400444
-0.022158
-0.00724651
-0.0131439
-0.0266424
-0.0271299
0.0274665
-0.0520447
-0.0401366
-0.0210636
0.0697313
0.0411204
-0.0903956
-0.0424167
-0.00356127
-0.0293698
-0.0159162
0.0465501
0.00343524
0.021003
0.02876
0.0365521
0.0101686
0.0206293
-0.0192397
-0.025037
0.00117758
0.0174525
-0.00394393
-0.0259554
-0.0173323
0.0151832
-0.0360343
0.0122418
-0.00171743
0.0543492
0.109661
0.0116134
0.0251584
0.0256867
0.0284208
0.0125701
-0.0337601
0.00491434
0.0283577
-0.0223228
-0.0879502
0.0485596
0.098012
-0.0399209
-0.0321119
0.0265595
0.0926399
-0.0532356
0.00253601
-0.0213841
-0.0145616
-0.00296876
0.0238571
0.0282221
-0.0117494
0.0351221
-0.0100965
-0.0632336
-0.0415046
-0.0199421
-0.001731
-0.013943
0.00343488
0.0217587
-0.0295014
-0.0111532
0.00703541
0.0463832
0.0302751
-0.00539225
-0.0548837
-0.0611376
-0.0366201
-0.0611249
-0.0652474
-0.0504507
-0.0327014
-0.00372204
0.00335341
-0.057912
-0.0453989
-0.00879156
-0.0127175
0.0207379
-0.0673647
0.0164263
-0.040316
-0.00675028
-0.136625
-0.0428826
-0.0570905
-0.0132048
-0.00372097
0.0130014
0.0495499
0.0375789
0.102986
-0.0614213
-0.0313171
-0.0128627
-0.00189318
0.0156262
0.0101654
0.0218428
0.00523342
0.0423968
0.0547092
-0.0988538
-0.0210603
0.0167407
-0.00262522
-0.0986761
-0.0169821
-0.0333939
-0.072768
-0.0276962
0.00682349
0.0429481
0.0856433
0.0739772
0.0239013
0.0275435
0.00809513
-0.00720681
0.0406542
-0.0153424
0.0378013
0.0430041
-0.0262717
-0.047951
-0.0311056
-0.0200992
-0.00932644
-0.0377177
-0.0828601
-0.0128806
0.0231445
0.0187442
0.00197226
0.01032
-0.00876174
-0.00271156
-0.00738638
-0.0461858
-0.116393
-0.0321146
0.044741
0.0267359
-0.0714012
0.0078144
-0.0204947
-0.026798
0.0040832
0.00430957
-0.000170054
-0.0137456
0.00263783
-0.00525048
-0.00147949
-0.0255571
-0.0511337
-0.0172697
0.0195622
-0.0097582
0.0454601
0.0398254
-0.0761102
-0.00556529
-0.0423915
-0.00607143
0.00847803
0.0347204
0.0241107
0.0273377
0.0314798
0.0412252
0.0292758
-0.0459463
-0.0359814
-0.0824691
-0.0627359
-0.0530797
-0.0297604
0.0320931
0.039018
0.0344907
-0.0140364
-0.0338269
-0.0290642
-0.0611941
-0.0243325
-0.0090708
-0.0418249
-0.0123508
-0.0167998
-0.0482038
-0.148895
-0.032798
-0.00165285
-0.0249447
-0.0141497
0.00318371
-0.0200531
-0.0145498
-0.00755798
0.0533611
-0.0199242
0.0333075
-0.0517083
0.0145607
0.003115
-0.0933018
-0.106656
-0.0150688
-0.0318943
0.0317427
0.0959684
-0.0498216
0.0341779
0.0461833
0.0485741
0.0280404
0.0419929
0.0314417
0.0123713
-0.0297478
-0.055659
-0.0452614
-0.0490217
-0.0712718
-0.0666201
-0.0393263
0.00912134
0.0171884
-0.0197898
-0.0456203
0.00697176
0.0212498
-0.0109254
0.0139132
0.0289886
0.0226737
-0.0983736
-0.0743559
0.0238255
-0.0134221
-0.0102548
0.0128013
0.0493741
0.0578923
0.0452515
0.0551925
0.0207744
0.0131298
0.0223666
-0.00237727
-0.00748311
-0.0229048
-0.158027
-0.126373
-0.0751534
-0.0476038
-0.0516875
-0.0196118
-0.0162736
-0.0180505
-0.0254056
-0.044565
-0.062731
-0.0607667
-0.015034
-0.0155179
-0.0406185
-0.0373825
-0.0475584
0.00200697
0.0418671
0.00511335
-0.0217397
-0.00796409
-0.0088127
-0.0709399
-0.127392
-0.0677452
0.0739294
0.0651015
0.0534061
0.0423623
0.049823
0.0506858
0.039774
0.0137859
-0.034385
-0.00399576
0.00812611
-0.0495849
-0.12439
-0.0996112
-0.036972
-0.023289
-0.00960454
0.0518631
-0.0148365
0.0597788
-0.00204484
-0.00394787
-0.102275
-0.00760163
-0.0624826
-0.00332333
-0.106603
0.00375105
0.0776912
0.0543805
0.0457129
0.0421602
0.0754036
0.0743237
0.0634069
0.0758592
0.0161383
-0.00512814
-0.0177864
-0.042709
-0.027718
-0.0551307
-0.122807
-0.067042
-0.0652946
-0.0512848
-0.0185757
0.0214083
-0.0449926
-0.0715394
0.00496233
-0.00747986
-0.0558776
-0.0097505
0.040998
0.0980641
-0.105258
-0.0403574
0.0303852
-0.0448267
-0.0382942
0.0485359
-0.0088567
-0.0250008
0.0134467
0.0381591
0.0356359
0.0574554
0.0109086
0.0178858
0.0479316
-0.0261207
-0.0241709
-0.0297627
-0.0330964
-0.0307818
0.0467143
0.00143128
-0.0819139
0.0210266
0.0509849
0.00483516
0.0150152
0.0295438
-0.0328406
-0.0483429
-0.0233421
-0.0183566
-0.0367259
-0.105474
-0.0100825
-0.00780183
0.0214785
-0.00774783
-0.0218795
0.00999021
0.0490312
0.0441646
-0.00171794
0.00283806
0.00109222
-0.00186881
-0.079543
-0.0213909
0.0309743
0.0560041
-0.0407268
-0.123157
-0.0350504
0.0191705
0.027306
0.0292615
0.0296743
-0.0272463
-0.0404192
-0.0368956
-0.057126
0.0421297
0.0330544
-0.00636277
-0.0630341
-0.00872596
-0.0137692
-0.0370433
-0.0150355
-0.00798917
0.00953061
0.0245841
0.0516786
0.0114189
-0.0832148
-0.0137682
-0.0852915
-0.0781725
-0.0768316
-0.070466
-0.0133037
-0.0199862
0.0231756
0.00938674
0.0631252
0.0600611
0.127124
0.000746947
0.0366668
-0.0503484
-0.0606082
-0.0390837
-0.0271975
0.0153995
0.0541603
0.059222
0.0212761
0.0332892
-0.0207754
0.0252622
0.0173577
0.0136568
0.0486718
0.054952
0.0120763
-0.0772361
0.0115789
-0.0455295
-0.00159426
-0.0257672
-0.0239384
-0.00347614
-0.0652461
-0.00266812
-0.0174992
0.0667181
0.0438327
0.0305389
0.00429846
-0.0157965
0.0369167
0.0111777
-0.0148745
-0.000701171
0.017889
-0.00660798
-0.0172025
-0.0567002
-0.157018
-0.0860933
0.00919859
-0.00221019
-0.0282485
-0.0246474
0.00232252
-0.0273346
-0.0270984
-0.010873
0.00163182
0.0361497
-0.0325391
-0.068869
-0.0276255
-0.183236
-0.0413343
0.0382728
0.0442485
0.0334535
0.0464291
0.0835865
-0.0335008
-0.0162846
-0.00543437
-0.0135238
-0.000570501
-0.00474195
-0.0797522
-0.05276
-0.0527503
-0.058703
-0.0421266
-0.00877232
-0.000598724
-0.00514455
0.00170087
-0.0326098
-0.0264615
-0.0538282
-0.0290536
-0.0848201
-0.121471
-0.142432
-0.0400477
0.0197825
0.0253781
0.0390737
-0.02718
-0.00948936
-0.0044054
-0.152494
-0.0621414
0.0674488
0.0830261
0.119916
0.00649689
0.054487
0.0704641
0.0142694
-0.0460936
-0.00695003
-0.00452236
0.008098
-0.00895014
-0.00126449
0.0110057
0.00826287
0.0130879
0.0440108
0.0254157
0.0275136
-0.0354883
-0.00434073
-0.0269119
-0.215924
-0.113107
-0.00754268
-0.0132879
-5.35529e-05
0.0121855
-0.0268895
-0.0283162
0.00732752
0.0490494
0.0262527
0.043976
0.0784378
0.0673665
0.0286901
-0.0407866
-0.00617218
0.0664526
0.00418543
-0.0283749
-0.0187312
-0.0798735
-0.092639
-0.0229731
-0.0197101
0.0692355
0.0668986
0.0411483
0.0380263
0.0181358
-0.0883748
-0.010039
-0.00812364
-0.0248637
-0.0483076
0.00221942
-0.0264353
-0.0555302
0.00803347
0.0405515
-0.0291076
-0.0500607
-0.0143247
-0.0105453
-0.0142601
0.0144803
0.0273061
0.0115015
-0.00838913
-0.000410757
0.0175495
0.0131189
-0.0139942
-0.0738902
-0.0750665
-0.0512641
-0.0243498
-0.0124536
-0.0263514
-0.0513788
0.0153931
-0.120224
0.0324528
0.063624
0.0222941
0.00605365
0.0249178
0.0399468
0.031711
0.0986119
-0.0380274
-0.0148159
-0.051847
-0.00573148
0.0509224
-0.0403225
-0.153622
-0.0131423
0.0507179
0.10177
0.0798749
0.0648139
0.0375188
0.0618593
0.048233
0.00848635
0.0145876
0.0400885
0.0347665
0.0135664
-0.0219997
-0.0467061
-0.0175193
0.00370596
-0.00538921
0.00530124
-0.157535
-0.00268563
0.0770884
-0.0116601
-0.0176409
-0.105925
0.00546679
0.0354777
0.124953
0.107604
0.114793
0.142193
0.0890984
0.0372867
-0.140371
-0.0288377
0.0736456
0.0567101
-0.0177546
0.00207082
0.0360835
-0.0137632
0.00389509
-0.00270868
-0.0324757
-0.0506378
0.00163807
0.0196463
0.0241592
0.0251606
0.024123
0.0232911
0.0132071
0.00649306
-0.0799565
-0.00133028
-0.0127077
-0.0108349
-0.0251307
-0.0429533
0.0166705
-0.0280995
-0.0213374
-0.0122912
0.00313573
0.0212699
-0.0780011
-0.0461583
-0.0151815
-0.00395079
0.00889398
0.0330675
0.0100478
-0.107434
-0.0601756
-0.0396269
-0.0316142
-0.0517648
-0.0666509
0.0102245
-0.0111708
0.00630032
0.0179501
-0.00144142
-0.0661316
-0.0190961
0.0130962
0.029872
-0.003104
-0.0002769
-0.17605
-0.0206626
0.0580461
0.0165022
0.0163166
0.0254297
0.0611497
0.0335419
0.051333
0.0510156
-0.0217676
-0.0382242
0.00508368
-0.00212518
-0.0235279
0.0120315
0.013989
0.0303994
0.0547824
-0.0873536
-0.0469962
-0.0379167
-0.0340562
-0.0339561
0.0167841
0.0311171
-0.000577879
-0.0025804
0.0230359
0.032883
0.0690116
-0.0260997
-0.0311815
-0.0723644
-0.0767284
-0.120718
0.00099004
0.0372109
0.062091
0.0550195
0.0543401
0.0478197
0.0382641
0.0400671
0.0358838
-0.0160507
-0.0446326
-0.0089614
-0.00595144
-0.023412
-0.0353848
-0.140088
-0.0345936
0.00137791
-0.0451848
-0.0599048
-0.0607647
-0.0801323
-0.0125141
0.0122455
0.032194
0.0449955
-0.0247562
0.0171841
0.0279712
0.0581956
-0.0688396
0.00932981
-0.00244672
-0.0420988
-0.0287532
-0.0799051
-0.080457
-0.000394362
0.0636187
0.0231834
0.0209066
0.0306148
0.0322111
0.00148666
0.0276838
0.0379825
0.0536201
0.0647143
0.0174414
0.0569748
-0.00367094
-0.0652271
-0.0978737
-0.00889817
0.0740143
-0.0595189
-0.0255923
0.000795475
0.0162772
0.0260142
-0.0318968
0.0559798
0.0835151
0.101575
-0.019133
0.0359338
-0.0561428
-0.0208629
-0.0164479
-0.00777981
-0.00621759
-0.0327137
-0.11085
-0.0678127
-0.0166269
-0.00474675
-0.118391
-0.00995939
-0.00575276
-0.00532678
-0.00203809
-0.0182963
-0.0395687
0.0218718
0.0527177
0.0493065
0.0406374
0.0303468
0.021935
-0.0106007
-0.0771254
-0.048903
-0.0318925
-0.0367093
-0.0353683
-0.0394747
-0.168439
-0.0961463
-0.0147913
0.0124315
0.0466198
0.0531085
0.0510743
0.0437823
0.0651336
0.0351547
0.0540725
0.0417634
-0.00244717
0.0209242
0.0581019
0.0153432
-0.00453366
0.0308286
0.00567845
-0.0349978
-0.173333
-0.0602068
0.0133764
0.0721606
0.0421368
0.0244375
0.0153379
-0.0308572
-0.0329433
0.0175876
0.0748432
0.0765536
0.0406329
0.0851689
-0.0320273
0.0331315
0.0655027
-0.0353786
-0.0417159
-0.00262229
-0.00481613
-0.146574
-0.0360837
-0.0121701
-0.00663995
-0.00721785
0.0190708
-0.0513647
-0.0423793
-0.0956183
-0.0982825
-0.0292941
0.000603342
-0.00265019
-0.0761512
-0.0352996
0.107502
0.0620521
0.0234171
-0.00494896
0.0103314
-0.0732554
0.00143601
-0.00711028
-0.0340481
-0.0554166
-0.00819453
-0.0186988
-0.0465527
0.000779148
0.0088078
0.005583
0.0159164
0.00940753
0.0246073
-0.0314814
-0.0509906
-0.025251
0.0260958
0.00317977
-0.0510997
-0.0473344
-0.0257594
-0.0730501
-0.00137882
0.036935
0.0496222
0.077185
0.0655244
0.0416311
-0.0280253
0.0706939
0.0785792
0.00952769
-0.0366649
-0.0540036
0.00108106
0.0144503
-0.015034
-0.0315055
-0.0385918
-0.0836925
-0.0448494
0.0222707
-0.0449232
0.0147388
0.0293735
0.0236934
0.0170348
0.00212975
-0.0106803
-0.0951947
-0.0298061
0.00780627
-0.0651839
-0.0334856
-0.00843775
-0.0171182
0.00990968
0.0439208
0.0266418
-0.0584448
0.00403633
0.0112915
0.0109084
0.0711293
0.0423079
0.0629576
0.00362522
0.00222832
-0.0552001
-0.0831133
-0.0690523
-0.0501934
-0.0314892
-0.0499684
-0.0353005
-0.0163283
-0.0186559
-0.0388204
0.000798145
-0.000270952
0.0345155
0.0189298
0.0324683
0.0475965
-0.0516036
0.014053
0.0322645
-0.0247558
-0.0606278
-0.0391338
-0.0282434
-0.0380981
-0.0447423
-0.0978743
0.0210073
0.00842744
0.00483918
0.00713713
-0.00490831
0.0168651
0.0279101
0.0057444
-0.00732191
-0.00200522
-0.0350779
-0.147649
-0.131233
0.000989934
0.0232614
-0.00583066
-0.0208335
-0.029241
-0.00417017
-0.0064349
-0.0174238
-0.0403577
-0.0170216
0.00303318
0.012049
-0.0595027
-0.0494583
-0.0593518
-0.0308701
-0.0557876
-0.0830002
-0.0518669
-0.0405735
-0.0138905
-0.0429067
-0.0243113
0.0526346
0.0610018
0.0398687
0.00984602
-0.0188928
-0.0249695
0.0414369
0.102837
-0.0191791
-0.00720099
-0.0531562
-0.0466286
-0.0868082
-0.076877
-0.0723292
-0.0780363
-0.044141
-0.0260639
-0.0108482
0.0134565
-0.0049636
-0.0392659
-0.022125
-0.00342689
-0.00822249
-0.0164187
-0.0260007
-0.00245125
0.00994674
-0.0946979
-0.133429
-0.0407121
-0.0140244
-0.00386336
0.00383652
-0.00858692
-0.0206334
-0.00678405
0.0326021
0.0582455
0.0680748
0.0440878
-0.00461199
-0.0056707
0.0469036
0.0397661
0.0254773
-0.12429
-0.0266029
-0.0325858
-0.0155685
-0.0156743
-0.0484352
0.0317121
-0.0513749
-0.0625223
-0.044481
-0.0222773
-0.00791405
0.027623
0.0490177
0.0601806
0.0226221
-0.0223069
-0.0349056
-0.0433178
-0.0350004
-0.0375912
-0.050128
-0.0609205
-0.0409602
-0.00419276
-0.0290345
-0.0267076
0.0300946
-0.0973502
-0.0319294
-0.0614827
-0.0849033
-0.0590529
-0.0516715
-0.0431999
-0.0233191
0.0368841
-0.0399409
0.00480735
0.0378965
0.0546598
0.0482329
0.0329737
0.00211104
0.0118973
0.00659916
-0.00452694
-0.0089181
-0.0165962
-0.0200097
-0.0352767
-0.0441925
-0.0527048
-0.0517452
-0.0448847
-0.0401283
-0.0302203
0.00139827
0.020567
-0.0130062
-0.0452535
-0.0555978
-0.0315958
-0.00943025
-0.00312819
-0.0414825
-0.0240873
-0.0254032
-0.0409064
-0.00438621
0.0104568
-0.000104681
0.00624203
-0.0532518
-0.0224632
0.047817
-0.00935706
-0.00611604
0.015396
-0.011057
-0.0400572
-0.0511642
-0.0519207
-0.0571577
-0.032272
-0.0198718
0.00586001
0.017279
0.0311417
0.0524628
0.0467548
-0.019767
-0.0808951
0.00671854
0.0839452
0.123693
0.000283132
0.00663046
0.0389698
0.0253433
0.00127256
-0.0209551
-0.0790619
-0.0437193
-0.051093
-0.0350248
-0.00788293
0.0161056
0.0441207
0.0149271
0.0527109
-0.0434781
-0.0154718
-0.0208039
-0.0199167
-0.0131668
-0.0897686
-0.138946
-0.0372359
-0.0297098
-0.0513153
-0.0320722
0.00220043
0.0252829
-0.0975913
0.0367839
-0.0385275
-0.0176856
-0.0350839
-0.0120222
0.106156
0.169514
0.172708
0.143723
0.0888966
0.101368
-0.0249081
0.0171959
-0.000746611
-0.00443888
-0.0250523
-0.0249242
-0.027731
-0.0564924
-0.0565425
-0.0612789
0.042066
0.0546806
-0.0343427
0.0510811
0.0452774
0.00429198
-0.0289298
0.013921
0.022027
0.0147427
0.0474951
-0.0903844
-0.0280778
-0.0555434
-0.0289381
-0.0025463
-0.00375593
0.0064608
-0.0446661
-0.0599773
-0.00263583
0.02787
-0.0830662
-0.0752751
-0.0476134
-0.0326268
-0.0203947
-0.0812692
-0.0240574
-0.0127626
-0.0477942
-0.109812
-0.047758
0.00578883
0.0155253
0.0617508
0.0495658
0.0707057
0.0670696
0.0922649
0.0803988
0.0501141
0.0206558
0.0252469
0.0205981
-0.0145474
-0.13576
-0.0700808
0.0449803
-0.0517227
0.0253705
0.025383
-0.130699
-0.0620168
-0.0763397
0.0107425
0.105219
0.14128
-0.000364269
0.0630309
0.056499
0.0716608
0.0390923
0.0382622
0.0174428
0.0192026
-0.0724293
-0.106096
-0.0703534
0.00715817
0.0169283
0.0265697
0.0192849
-0.00683197
-0.0548812
-0.119885
-0.00679227
0.0179682
0.0532958
0.0566025
0.0518134
0.00257159
0.0437965
-0.0097255
0.0197762
-0.00858898
-0.00243035
-0.0130534
0.0571414
0.0409079
0.0462031
0.0476487
0.100164
-0.119794
-0.0607422
-0.0768271
-0.0320439
-0.0250606
-0.00278985
0.0149839
-0.0464445
-0.0221205
-0.0300361
0.0189832
0.0429519
-0.127265
-0.0446127
-0.0626922
-0.00252746
0.0304622
0.0377685
0.0608618
0.035939
0.0197823
0.0371546
0.0290112
-0.00964557
-0.0264969
-0.000870486
-0.0280423
-0.00302456
-0.0137307
-0.0138179
-0.0295502
0.00741758
-0.0377601
-0.00934399
-0.00639328
-0.0357394
0.0191188
0.0136076
0.0281648
0.0225149
0.032338
-0.00649683
-0.0992165
0.0392634
0.0586271
0.0407223
0.0199853
0.0485885
0.0438902
-0.0519539
-0.123468
-0.0228395
0.00751348
0.0291043
0.0826762
0.143266
-0.00936918
0.00443167
-0.031815
-0.0123925
-0.0434834
-0.0398412
-0.0364485
-0.0652768
-0.0456621
-0.0645525
-0.00482589
0.0300234
-0.00873206
-0.0353264
-0.0450502
-0.00493296
0.0339473
0.0198818
0.01024
-0.0178486
0.0146368
0.0289759
0.0371605
0.0209166
-0.0910225
-0.0612516
0.0173306
0.0525287
0.019729
0.00492192
0.0330732
-0.0409419
-0.0343423
-0.0371629
0.0744247
0.10639
0.0906234
0.0608764
0.0163627
0.0314119
-0.00492796
0.000832851
-0.0305675
-0.0500884
-0.0210794
0.00482464
-0.019423
0.0164474
-0.0333611
-0.130646
-0.0157196
0.0120099
0.00649544
-0.0398971
-0.0733841
-0.0349627
-0.0216821
-0.00141158
-0.032958
0.0348319
0.0141536
-0.114856
-0.0358551
0.0530056
0.0316179
0.00694467
0.0648776
-0.0693507
-0.0517795
-0.00375231
0.00632877
0.0350613
0.00734946
-0.0072458
0.0106734
0.0342355
0.0185334
-0.0078468
-0.0176327
-0.0204512
-0.0214387
-0.0614211
-0.0665248
-0.0863618
-0.0765102
-0.0490611
-0.0904318
-0.0731607
-0.02073
0.00688549
0.00756369
-0.0187329
0.0139241
-0.0296959
-0.00783858
-0.00694459
0.0139461
-0.0202038
-0.0573475
-0.0184857
0.0108696
-0.0327438
0.00915217
-0.0116014
0.0248231
0.0531734
0.0807889
0.0325021
-0.0490488
-0.0314326
-0.00140912
0.0346267
0.00435774
-0.0318398
0.0243851
0.140746
0.108095
0.101761
0.00693362
-0.0199926
0.0113395
-0.00290661
-0.00497636
-0.00104159
-0.0375103
-0.0197078
-0.0818196
-0.0509977
0.0117361
-0.00360918
-0.106098
-0.080532
-0.0539464
-0.01722
0.0148247
0.0372567
-0.0252436
0.0181997
-0.0724614
-0.088055
-0.0934745
-0.0850983
-0.0797383
-0.0361435
-0.00795092
-0.00795715
-0.025661
-0.0367194
0.00982154
0.0116387
-0.0437976
-0.143785
-0.13117
-0.00153622
0.0392448
0.0583734
0.0633403
0.0419947
-0.0249423
-0.0149113
-0.0124324
-0.0024368
0.0197591
0.00134989
-0.0782527
-0.0858459
-0.0198565
-0.0487884
-0.110188
-0.0147734
0.0602255
0.0376901
0.0283573
0.131466
0.0908605
0.0550045
0.000881679
-0.0229326
0.0128828
0.0396889
0.0444234
0.0547183
-0.00717011
-0.0481023
-0.0132066
-0.0117289
-0.0513972
0.0158237
0.0261776
0.0194183
0.0345396
-0.0213272
-0.0799458
0.0184842
0.078826
0.0770699
0.0459803
0.00102526
0.0322724
0.0624507
0.032298
0.069647
0.0464067
-0.00917738
-0.0786873
-0.0393776
-0.00420599
-0.0680294
0.0351476
0.109193
-0.088705
0.00222258
0.0669873
0.0576722
-0.0118954
-0.00646612
0.00319654
-0.0270592
0.00487246
0.0190381
-0.0723738
-0.039505
-0.0407156
-0.0446047
-0.0598089
-0.0384291
0.00454347
-0.0103148
0.0266165
0.0445155
0.0272168
0.0609742
0.0571124
0.0525504
0.0420769
-0.065874
-0.00255829
0.0621472
0.0511813
0.00773013
-0.0215157
-0.0374931
-0.0441791
0.00762734
-0.0272052
-0.0083274
0.0326577
0.00637776
0.00626974
0.00931484
-0.0297444
0.00388297
0.0297002
-0.0104349
-0.0397569
0.0213031
0.010178
-0.0376704
-0.018042
0.0345517
0.067708
-0.000331555
-0.00482946
-0.0961153
-0.0105895
0.0455399
0.0540465
-0.0197318
-0.0170059
-0.0175614
-0.0281432
-0.0169716
-0.158247
-0.0726091
0.010833
0.0937123
-0.0246802
-0.0144431
-0.0137907
0.0408594
0.0384303
0.0159355
-0.0283354
-0.0823464
-0.0230068
0.0249652
0.0256352
-0.0385109
-0.0359799
0.0327193
0.0646625
0.0415526
0.0247869
0.035948
0.10272
0.0692023
0.0932716
0.0753851
-0.00154088
-0.0451999
0.0316067
0.0522246
0.0420418
-0.0207781
-0.0295913
-0.00446156
-0.0347485
-0.0584471
0.00734054
-0.0537208
-0.0218669
-0.0917224
-0.00922145
-0.0206191
-0.0828174
-0.0955448
-0.0652262
-0.0544718
0.0232301
0.00448674
-0.0424634
0.0731227
0.043457
0.0329152
-0.0433121
0.001499
-0.0151756
-0.0271973
-0.0606729
0.0014808
-0.0102429
-0.0293411
-0.0303429
-0.00740797
-0.00768725
-0.0453025
-0.0755584
-0.0421114
-0.0278111
-0.013216
-0.0239989
0.00815659
-0.0659383
-0.11886
0.00174001
0.0865407
0.0829305
0.0842046
0.0874018
0.0630092
0.0704425
0.0559039
0.0193959
-0.0118411
-0.0375079
-0.058822
-0.0537139
-0.018853
-0.0204467
-0.0594294
-0.00551246
-0.0355192
0.0237091
-0.0113304
-0.0343005
-0.0941344
-0.0417812
-0.00471347
0.00805162
-0.0119203
-0.0452091
-0.0118153
0.0237521
0.0180659
-0.0252019
-0.000467918
0.0383898
0.101557
0.0270117
0.00801993
0.00752271
-0.107122
0.0260705
0.102263
0.0397832
-0.0176994
-0.0248721
-0.0069451
-0.00108025
-0.0292011
0.0239469
0.0742839
0.0826154
0.036897
0.0306475
0.0720771
0.0269513
-0.00140456
-0.0287231
0.0011069
0.00213296
-0.0273264
-0.0733393
-0.120614
-0.131313
-0.0692529
-0.00108904
0.0220644
0.0520121
0.0971838
0.0731939
0.0458558
0.0542859
0.0595899
0.0431827
-0.0393303
-0.0182095
-0.0108633
-0.0258537
-0.0324885
-0.0618088
-0.027269
-0.0453149
-0.02822
-0.0887892
-0.0766559
-0.0653713
-0.0100136
0.00515942
0.0218593
-0.0724561
-0.116194
0.042961
0.0100815
-0.0166216
-0.0533168
-0.0118858
-0.0109916
0.0291024
-0.0337596
-0.0292335
-0.0573484
-0.0643988
-0.0160614
-0.0039217
-0.0370929
-0.0231099
-0.0815135
-0.0363264
-0.033006
-0.0198372
-0.0808054
-0.102002
-0.00531183
0.0523789
0.0929589
0.0382906
-0.0296371
0.0348768
0.0494409
0.0352535
-0.0111253
-0.0266206
-0.036017
-0.0532352
-0.102942
-0.0950285
-0.0423568
-0.0459955
-0.032632
0.0484988
-0.0515698
-0.0164735
0.00647516
-0.0114892
0.00539394
0.0316414
0.0700121
0.0186646
0.0481654
-0.0117846
-0.0842388
-0.0351654
-0.0729004
0.0176202
0.0191641
-0.00851818
-0.00635271
0.0233823
0.0398243
-0.0120157
0.0237241
0.0457807
0.0183663
0.0153214
-0.0022506
-0.0411935
-0.142148
-0.0350054
-0.00420093
-0.0172315
0.00926346
0.00061838
-0.0331646
0.00357482
-0.0211448
-0.0598851
-0.042096
-0.0247352
-0.0286036
0.0229211
0.0693585
0.0722412
0.0828534
0.122402
-0.11499
-0.0864141
-0.00272884
0.0034336
-0.0651384
-0.0218582
0.0131234
0.0638525

