0
-0.156871
-0.2046
-0.192449
-0.148185
-0.142698
-0.0931047
-0.0868102
-0.123378
-0.16183
-0.0910009
-0.0732571
-0.0862523
-0.10365
-0.0935327
-0.0849545
-0.0474132
-0.022593
0.0384998
0.0405114
0.0190889
0.0741855
0.182104
0.255025
0.273432
0.242768
0.292555
0.187106
0.253101
0.316864
0.237543
0.201283
0.16648
0.182572
0.217601
0.219226
0.218955
0.190333
0.145724
0.10885
0.0768905
0.0792377
0.0796554
0.0771922
0.141293
0.181887
0.207374
0.199558
0.172736
0.186988
0.136818
0.134058
0.145399
0.102987
0.109532
0.105873
0.104546
0.103423
0.114668
0.126794
0.0785183
0.0779015
0.11398
0.151482
0.141562
0.0839671
0.0521518
0.222804
0.312642
0.322677
0.315677
0.289279
0.251724
0.241704
0.203117
0.157418
0.122678
0.115171
0.117037
0.0867862
0.065247
0.0310392
0.0832717
0.11055
0.0968114
0.109615
0.100673
0.0615319
0.0857202
0.094874
0.0724348
0.0585405
0.0626997
0.0286323
0.0211049
0.0381839
0.107018
0.144312
0.137276
0.15876
0.174576
0.188837
0.160227
0.120034
0.0972522
0.0980598
0.0815142
0.103006
0.161897
0.111197
0.13129
0.127734
0.0856259
0.133338
0.192914
0.104173
0.103477
0.125232
0.127519
0.133977
0.123669
0.12026
0.161516
0.180076
0.16859
0.169764
0.116459
0.0538699
0.0617591
0.0527934
-0.00805783
-0.0251822
0.00586819
0.098245
0.15779
0.212
0.210802
0.166346
0.114378
0.0804106
0.163511
0.183072
0.173162
0.172127
0.258058
0.157979
0.254196
0.298834
0.269892
0.22199
0.218067
0.265124
0.279217
0.317046
0.325267
0.277855
0.239832
0.180156
0.168183
0.196736
0.167014
0.11415
0.082423
0.0565579
0.0568348
0.0867758
0.0807077
0.029014
0.0497793
0.0124781
-0.0118182
0.0528161
0.0870921
0.118207
0.18041
0.14851
0.126175
0.0830773
0.127137
0.147397
0.14357
0.152606
0.178957
0.210848
0.195113
0.19214
0.175538
0.140723
0.174598
0.157427
0.131298
0.16661
0.249682
0.28871
0.266567
0.218436
0.186221
0.122781
0.0886659
0.0938086
0.0879247
0.11542
-0.0457142
0.0725859
0.156878
0.197864
0.263646
0.275784
0.22486
0.194302
0.146312
0.131463
0.0772
0.0590026
0.0780187
-0.0716574
0.0304027
0.102576
0.14033
0.180107
0.232353
0.318807
0.341168
0.323788
0.287206
0.217922
0.233105
0.21057
0.19072
0.184312
0.161762
0.118659
0.0745193
0.116826
0.123247
0.110016
0.159159
0.181362
0.206117
0.246415
0.272156
0.273899
0.250074
0.200635
0.225141
0.216404
0.186493
0.126387
0.110006
0.0749035
0.0613648
0.0346878
0.0702304
0.0987465
0.0967314
0.147523
0.170402
0.195402
0.217114
0.190281
0.118783
0.0997345
0.170754
0.172147
0.172251
0.12374
0.184054
0.23646
0.233304
0.181444
0.165253
0.142442
0.141527
0.139574
0.159468
0.169582
0.159643
0.120616
0.090062
0.0518897
0.0517068
0.0604678
0.0753661
0.0790059
0.0761469
0.082049
0.0852451
0.0286733
0.118046
0.200878
0.181432
0.254722
0.189868
0.0801146
0.114541
0.169946
0.138708
0.141634
0.200523
0.222236
0.231327
0.208139
0.19214
0.170688
0.166831
0.118156
0.0999368
0.0939917
0.0523168
0.0324497
0.0788722
0.0832548
0.0827302
0.104355
0.0516597
0.0961293
0.103465
0.139848
0.217366
0.225422
0.176541
0.208344
0.246485
0.186478
0.276075
0.239341
0.214459
0.193494
0.174931
0.185513
0.227799
0.284941
0.240734
0.229713
0.191105
0.188497
0.205597
0.175995
0.184361
0.198282
0.215694
0.242585
0.19879
0.113494
0.168405
0.171845
0.116972
0.0987544
0.148613
0.169435
0.177728
0.188387
0.209906
0.200049
0.178036
0.151858
0.173815
0.181602
0.164204
0.204696
0.230485
0.204953
0.156708
0.136487
0.145217
0.178962
0.158473
0.0979036
0.0944839
0.109695
0.099009
0.0948198
0.0401481
0.127969
0.16973
0.178932
0.159801
0.115236
0.112374
0.196435
0.243196
0.241551
0.206859
0.148175
0.0996276
0.0765346
0.043423
0.102847
0.126351
0.100427
0.0748855
0.0711778
0.0631834
0.120772
0.151449
0.156869
0.265169
0.284104
0.221238
0.169264
0.196565
0.22354
0.19841
0.210274
0.213615
0.155932
0.0969419
0.184984
0.166388
0.171815
0.162139
0.1383
0.171943
0.208555
0.211004
0.175241
0.253409
0.187749
0.125025
0.131186
0.152398
0.20547
0.214515
0.182823
0.176514
0.151478
0.177397
0.177937
0.17758
0.239256
0.254487
0.22868
0.200455
0.166388
0.274401
0.324229
0.30424
0.319739
0.340129
0.278698
0.225484
0.246199
0.277031
0.309085
0.324917
0.374642
0.350362
0.324486
0.250412
0.264392
0.239313
0.236311
0.248752
0.29226
0.310915
0.269808
0.25705
0.196643
0.19976
0.194094
0.170568
0.161591
0.151136
0.142179
0.143039
0.153144
0.139091
0.128894
0.11507
0.107273
0.133742
0.129146
0.0752414
0.145372
0.134748
0.01182
0.0359838
0.0553391
0.0748285
0.0530106
0.10116
0.120682
0.15353
0.165062
0.116125
0.182139
0.190744
0.281389
0.273373
0.225157
0.224917
0.224361
0.224081
0.170675
0.106851
0.192971
0.214877
0.221723
0.180618
0.104082
0.0801442
0.182122
0.269768
0.158519
0.189117
0.311697
0.36003
0.363454
0.329557
0.262713
0.287757
0.271271
0.24802
0.175102
0.187193
0.220494
0.257153
0.277939
0.286074
0.191831
0.170267
0.125544
0.114369
0.0753864
0.151249
0.206477
0.230497
0.273868
0.343802
0.255773
0.0618391
0.187959
0.267446
0.199791
0.211841
0.228171
0.227829
0.214933
0.20815
0.220572
0.203026
0.176078
0.145387
0.0698564
0.0792493
0.127953
0.141405
0.116499
0.112697
0.125087
0.0893482
0.0877364
0.139828
0.184362
0.192691
0.186065
0.176245
0.116423
0.093789
0.0895161
0.0770058
0.0867197
0.110242
0.0856846
0.0846948
0.094341
0.116823
0.142467
0.150159
0.204065
0.193021
0.130509
0.0901982
0.095583
0.094299
0.0484133
0.0499491
0.0651595
0.103272
0.122515
0.139115
0.142374
0.0969172
0.125975
0.147895
0.196704
0.227243
0.183241
0.159762
0.183758
0.145193
0.112191
0.0898213
0.111233
0.13068
0.0928158
0.100772
0.0981355
0.114141
0.127819
0.0506314
0.0862473
0.12267
0.16007
0.178012
0.174768
0.151009
0.125945
0.102502
0.101989
0.113322
0.073119
0.0696566
0.0933047
0.160243
0.14478
0.070297
0.168684
0.209892
0.1766
0.121971
0.141709
0.110073
0.101952
0.118948
0.192362
0.225082
0.177129
0.16203
0.13753
0.13219
0.145667
0.199368
0.239815
0.21008
0.140664
0.178717
0.195329
0.155414
0.108653
0.0663533
0.111817
0.10848
0.177079
0.221219
0.227758
0.210968
0.181598
0.170458
0.16303
0.111297
0.0720113
0.0970518
0.143742
0.122783
0.0732188
0.174423
0.242462
0.244214
0.240055
0.190513
0.156151
0.144841
0.146652
0.149251
0.110451
0.0859918
0.0694845
0.0978038
0.152914
0.155429
0.147671
0.22682
0.217018
0.181742
0.195399
0.141465
0.099944
0.121845
0.164002
0.226156
0.368475
0.394114
0.294727
0.249004
0.208925
0.159524
0.114811
0.078133
0.0897847
0.0800989
0.0793221
0.101626
0.108916
0.22664
0.225324
0.164853
0.156526
0.138878
0.172044
0.139812
0.142136
0.193004
0.144031
0.0766124
0.0880351
0.096314
0.0759062
0.0851231
0.0730324
0.105892
0.15328
0.212579
0.0169075
0.136312
0.22829
0.0608594
0.136997
0.178931
0.167283
0.195939
0.25747
0.297426
0.255213
0.235419
0.275744
0.236437
0.154092
0.0618659
0.150472
0.176549
0.150511
0.0630055
0.0637715
0.0601155
0.0550248
-0.00163521
-0.0916028
0.0690725
0.153939
0.125342
0.0960534
0.0896235
0.0599605
0.0624483
0.113039
0.139972
0.131168
0.048885
0.119179
0.138896
0.111666
0.0978388
0.103419
0.0988124
0.111037
0.139933
0.165928
0.129143
0.105418
0.0763736
0.121498
0.162979
0.193748
0.191974
0.190929
0.254094
0.230432
0.236177
0.203812
0.125126
0.118837
0.163693
0.160735
0.170195
0.174126
0.149551
0.134276
0.106952
0.12914
0.155855
0.163564
0.137804
0.130988
0.120733
0.149416
0.156838
0.137072
0.141501
0.174348
0.224708
0.112876
0.0269578
0.102666
0.171159
0.149101
0.098838
0.0503052
0.122761
0.112279
0.0542038
0.0943866
0.127937
0.0746187
0.0949123
0.135742
0.2197
0.226546
0.201599
0.166675
0.127526
0.203382
0.230805
0.235298
0.226523
0.193793
0.187981
0.17964
0.198878
0.223604
0.224465
0.1875
0.180552
0.22379
0.233372
0.216786
0.145508
0.1208
0.0909759
0.17682
0.255619
0.238177
0.221148
0.212618
0.172461
0.0816691
0.107073
0.163201
0.0656095
0.0859178
0.0684841
0.0709888
0.0752552
0.0881824
0.125256
0.119665
0.0622247
0.0595099
0.0927356
0.117114
-0.01752
0.102755
0.135894
0.160597
0.166947
0.157773
0.156034
0.159912
0.165156
0.130439
0.0945622
0.109113
0.0511562
0.0890026
0.209965
0.256073
0.262639
0.27039
0.162117
0.222595
0.250484
0.278252
0.299617
0.274469
0.191781
0.0614464
0.191658
0.20229
0.160652
0.11437
0.163139
0.13871
0.0599732
0.114005
0.0943671
0.0968859
0.102227
0.0968738
0.0816473
0.0141079
0.0577175
0.114115
0.221611
0.238031
0.145213
0.185105
0.178776
0.167388
0.214351
0.210137
0.230584
0.260904
0.285422
0.25796
0.22664
0.192527
0.164469
0.167516
0.11623
0.046754
0.0401111
0.095244
0.124449
0.177615
0.203086
0.176556
0.145679
0.0575594
0.0689874
0.0564932
0.0532026
0.0674228
0.0835267
0.084737
0.097056
0.117614
0.135091
0.209909
0.142223
0.191368
0.162486
0.177253
0.166201
0.12186
0.0570726
0.102622
0.12924
0.193242
0.203431
0.223555
0.26584
0.280133
0.265192
0.234146
0.179069
0.172745
0.16772
0.159955
0.130889
0.103431
0.138816
0.188963
0.203739
0.178288
0.132365
0.138347
0.113771
0.156558
0.170887
0.130929
0.149931
0.16221
0.157292
0.142892
0.111847
0.154953
0.131397
0.110456
0.0295539
0.0519869
0.0809732
0.0901689
0.0757129
0.105355
0.110364
0.143289
0.146078
0.115894
0.112174
0.108036
0.112654
0.130901
0.107205
0.0903927
0.101975
0.13034
0.15585
0.199761
0.175427
0.152906
0.143171
0.184052
0.190781
0.19041
0.104535
0.209147
0.24668
0.234128
0.223444
0.259505
0.208744
0.184119
0.19655
0.214788
0.165528
0.0923274
0.254549
0.207708
0.183756
0.203746
0.20248
0.219796
0.232921
0.263912
0.258049
0.152983
0.242079
0.276271
0.273822
0.313057
0.276047
0.243538
0.241481
0.0933592
0.090544
0.122541
0.12152
0.099899
0.119122
0.195011
0.204287
0.158845
0.117288
0.147608
0.192738
0.135669
0.134911
0.10293
0.131017
0.208643
0.260428
0.192772
0.211546
0.167493
0.158632
0.140766
0.147543
0.12365
0.0708759
0.0485935
0.0177454
0.0661344
0.0887517
0.148766
0.203079
0.256137
0.257812
0.195285
0.125053
0.177986
0.219249
0.192162
0.185758
0.220637
0.195921
0.175303
0.189192
0.211246
0.19263
0.17858
0.181048
0.17446
0.191262
0.132665
0.143961
0.130746
0.14491
0.187182
0.179822
0.175141
0.159566
0.176489
0.126791
0.0915294
0.0979769
0.111611
0.145816
0.145906
0.164451
0.174452
0.0949788
0.1616
0.182443
0.17331
0.186678
0.218271
0.21962
0.191202
0.215041
0.187426
0.165893
0.152043
0.093216
0.148053
0.198667
0.222759
0.219473
0.243198
0.278871
0.215684
0.187548
0.183336
0.181117
0.179677
0.143654
0.156061
0.126906
0.082039
0.0975557
0.140363
0.1348
0.137784
0.225784
0.214204
0.132534
0.16126
0.17091
0.202744
0.24192
0.217793
0.231872
0.225339
0.263704
0.225288
0.20086
0.203236
0.167355
0.173121
0.206248
0.15596
0.163662
0.126301
0.138828
0.10983
0.109541
0.0787347
0.0916804
0.066684
0.140821
0.151428
0.187321
0.0818988
0.13419
0.115482
0.145261
0.144523
0.215548
0.226108
0.264307
0.278747
0.308808
0.326263
0.233602
0.276557
0.237039
0.190681
0.199095
0.217348
0.181498
0.263559
0.23031
0.198163
0.255729
0.265847
0.191103
0.210429
0.236665
0.224348
0.171387
0.233153
0.240874
0.207338
0.108906
0.0878253
0.12346
0.105204
0.0445144
0.0782743
0.127504
0.171304
0.200969
0.225786
0.211698
0.186212
0.140561
-0.00247844
0.0903098
0.179516
0.182123
0.14991
0.131868
0.107089
0.151554
0.148696
0.152385
0.150812
0.110053
0.0193567
0.0241352
0.107695
0.113768
-0.00922974
0.0412463
0.134429
0.169698
0.110863
0.031098
0.200742
0.323092
0.282822
0.322822
0.292111
0.258555
0.238712
0.205229
0.169609
0.124082
0.129345
0.12758
0.146714
0.155712
0.19265
0.200529
0.173474
0.174621
0.209273
0.253045
0.245906
0.23912
0.275943
0.239661
0.212073
0.211652
0.182646
0.278829
0.246111
0.178767
0.226308
0.233746
0.187633
0.148678
0.202903
0.27105
0.353143
0.263473
0.229022
0.206429
0.196354
0.181949
0.136813
0.0713481
0.0683834
0.114899
0.102906
0.0916682
0.129133
0.140871
0.212076
0.212751
0.0569466
0.155514
0.219038
0.234981
0.230764
0.165768
0.157625
0.142459
0.111103
0.0774022
0.0720731
0.0620302
0.0662608
0.116736
0.050127
0.0795029
0.104754
0.157368
0.122512
0.135917
0.190787
0.18795
0.203762
0.175793
0.245358
0.228651
0.236935
0.227194
0.220924
0.201173
0.152998
0.154697
0.139015
0.146982
0.189509
0.183541
0.160411
0.218022
0.206473
0.112258
0.177794
0.204388
0.214586
0.210797
0.233952
0.250087
0.255099
0.232213
0.147518
0.100822
0.10734
0.115412
0.0265478
0.0703684
0.112559
0.143382
0.0996254
0.163422
0.131347
0.14865
0.119999
0.0586961
0.0392422
0.0786159
0.133074
0.152994
0.172021
0.181131
0.13834
0.164031
0.125604
0.110253
0.0568507
0.0293075
-0.0102116
0.0196121
0.101534
0.147723
0.183684
0.213388
0.236355
0.175543
0.0767562
0.154719
0.19577
0.221428
0.204707
0.16348
0.158613
0.192674
0.176926
0.17931
0.21722
0.200726
0.15532
0.165186
0.152348
0.171428
0.194486
0.149933
0.175657
0.131162
0.0420185
0.118353
0.158524
0.110345
0.0985885
0.110479
0.114885
0.133105
0.157953
0.100424
0.0518057
0.101527
0.0774466
0.0722098
0.158329
0.191715
0.225497
0.238532
0.238351
0.16984
0.111221
0.150768
0.136704
0.20676
0.107927
0.127762
0.149387
0.180622
0.130738
0.114075
0.188458
0.061408
0.0780131
0.0698319
0.172519
0.223659
0.222314
0.259498
0.28812
0.340131
0.273505
0.247073
0.238842
0.192707
0.112063
0.113742
0.0973295
0.0989151
0.146273
0.205255
-0.0101998
0.102582
0.164151
0.222417
0.252136
0.225174
0.216932
0.237032
0.225788
0.202838
0.239474
0.219043
0.132824
0.153665
0.168649
0.157445
0.186046
0.118222
0.148484
0.12314
0.0595178
0.0515178
0.0908645
0.0802139
0.0918434
0.108683
0.179583
0.203801
0.223354
0.21537
0.170133
0.125198
0.146123
0.111588
-0.0218615
0.00201261
0.106614
0.18358
0.166332
0.231674
0.220431
0.204401
0.235026
0.210385
0.171495
0.171508
0.0964004
0.157871
0.150426
0.12407
0.12559
0.0945613
0.0753663
0.109416
0.125574
0.116617
0.0652579
0.0652826
0.0711093
0.116665
0.142083
0.099081
0.147079
0.252899
0.227047
0.154134
0.194265
0.201682
0.185887
0.161511
0.142612
0.149023
0.114839
0.122163
0.20196
0.147208
0.101951
0.124873
0.165385
0.135333
0.121262
0.157762
0.212588
0.199175
0.182235
0.176302
0.157568
0.142323
0.0969359
0.0886392
0.114088
0.102063
0.0807632
0.0670684
0.0877364
0.0688255
0.0792225
0.136434
0.147484
0.152895
0.0963663
0.136717
0.174035
0.12904
0.130736
0.1614
0.179363
0.147392
0.147417
0.184414
0.227134
0.210749
0.214696
0.13609
0.206956
0.258556
0.313682
0.264772
0.185486
0.223812
0.196352
0.204757
0.209959
0.177796
0.15088
0.144016
0.121302
0.105624
0.0981274
0.10244
0.162269
0.141352
0.101905
0.14309
0.183475
0.240106
0.247747
0.234971
0.206021
0.205792
0.198868
0.175768
0.129457
0.104245
0.133952
0.127921
0.101789
0.108305
0.126286
0.134873
0.058984
0.0621963
0.142832
0.220209
0.198179
0.162363
0.139876
0.110903
0.0890221
0.106591
0.140775
0.104493
0.0222601
0.113587
0.108452
0.108508
0.088849
0.0546129
0.0734255
0.0900625
0.117101
0.152633
0.156533
0.130756
0.0755074
0.130112
0.158565
0.104374
0.133537
0.177153
0.215453
0.259707
0.271276
0.272119
0.276677
0.185783
0.0615638
0.0823486
0.0818696
0.10875
0.111848
0.150615
0.163759
0.158816
0.142803
0.161415
0.17368
0.107539
0.112346
0.0429133
0.0717034
0.0708376
0.0952522
0.163353
0.174814
0.181054
0.203375
0.16005
0.133326
0.119455
0.126866
0.104226
0.0685134
0.0309369
-0.0769989
0.0537935
0.17348
0.222682
0.171605
0.170209
0.254649
0.252798
0.213476
0.255387
0.213524
0.210002
0.167828
0.149239
0.117117
0.137077
0.178728
0.183064
0.226762
0.164327
0.151705
0.154108
0.145751
0.0696484
0.119711
0.102934
0.0661934
0.0752643
0.0213763
0.150082
0.132146
0.13475
0.141363
0.237252
0.282098
0.328952
0.309228
0.252876
0.198248
0.139354
0.108723
0.111232
0.164749
0.140189
0.136543
0.137913
0.0971678
0.105574
0.143303
0.125948
0.118556
0.115381
0.10449
0.110588
0.129807
0.0834234
-0.0266292
0.114729
0.180347
0.174347
0.227354
0.211776
0.217479
0.17389
0.206678
0.24845
0.258996
0.106253
0.273173
0.261837
0.276801
0.291398
0.294742
0.324921
0.28838
0.261555
0.221529
0.194795
0.160832
0.192418
0.174853
0.129423
0.141863
0.155475
0.184062
0.20917
0.182162
0.108891
0.103253
0.0673021
0.108905
0.155815
0.156521
0.215054
0.250302
0.155428
0.227848
0.267592
0.299963
0.268616
0.257738
0.284128
0.267011
0.217417
0.164537
0.21654
0.206235
0.202962
0.186817
0.191472
0.209151
0.25566
0.223659
0.147642
0.188163
0.226712
0.185451
0.202473
0.208211
0.245676
0.24699
0.1744
0.219228
0.178895
0.156226
0.125927
0.161601
0.213091
0.21394
0.205886
0.208951
0.170134
0.104769
0.0734594
0.0785058
0.11156
0.108888
0.150827
0.157949
0.194936
0.182049
0.149693
0.196026
0.19482
0.177476
0.142098
0.125225
0.119649
0.105153
0.0944055
0.0924797
0.0199325
-0.0582746
0.103161
0.216927
0.0424021
0.0407242
0.124171
0.133875
0.209778
0.258401
0.252258
0.204908
0.166843
0.159088
0.0706705
0.0600596
0.0996617
0.136648
0.15916
0.12622
0.263326
0.340691
0.300632
0.304553
0.258609
0.228617
0.193341
0.167191
0.118051
0.158608
0.107652
0.160749
0.20176
0.113787
0.102616
0.194067
0.19121
0.177737
0.135973
0.028536
0.0979904
0.203068
0.224942
0.222008
0.176157
0.203503
0.168833
0.145559
0.0825185
0.123832
0.112649
0.139363
0.178652
0.191395
0.229238
0.24979
0.253169
0.205752
0.162431
0.157349
0.149994
0.132983
0.104076
0.0591411
-0.020812
-0.00193637
0.0545207
0.117533
0.164518
0.168326
0.163075
0.087817
0.0367931
0.108862
0.204963
0.147893
0.0764935
0.193587
0.255986
0.256792
0.256219
0.229054
0.155847
0.161613
0.146015
0.149656
0.148516
0.198081
0.268547
0.193827
0.245564
0.254044
0.239575
0.197453
0.207518
0.248335
0.240018
0.144015
0.205839
0.167025
0.125248
0.107214
0.186266
0.174507
0.195694
0.188496
0.165257
0.176715
0.192412
0.0858173
0.178808
0.26559
0.272139
0.259206
0.174096
0.179767
0.155258
0.141305
0.155728
0.137104
0.14841
0.126759
0.12756
0.172691
0.114838
0.170566
0.150669
0.124096
0.132957
0.185634
0.240032
0.192576
0.185989
0.249227
0.27893
0.257954
0.257822
0.203466
0.168057
0.172173
0.22915
0.251795
0.212177
0.20491
0.144162
0.0917291
0.100589
0.200535
0.242893
0.223121
0.248485
0.169507
0.183596
0.230172
0.271612
0.180435
0.171647
0.239565
0.213502
0.200429
0.181583
0.159353
0.176162
0.150229
0.145457
0.0974933
0.1262
0.0422852
0.0338368
0.0498332
0.0642141
0.147099
0.156604
0.215662
0.220587
0.263616
0.274257
0.222615
0.152927
0.180011
0.0948189
0.143775
0.153245
0.165599
0.128205
0.0484701
0.126586
0.167802
0.231049
0.231877
0.244851
0.289386
0.256996
0.332127
0.452425
0.362225
0.282118
0.118045
0.210976
0.238764
0.201563
0.181997
0.190126
0.212608
0.256076
0.249552
0.213694
0.131964
0.132072
0.1774
0.212882
0.254233
0.238638
0.185956
0.181327
0.218196
0.234123
0.223021
0.129855
0.0157789
0.0228431
0.126315
0.174512
0.278885
0.333655
0.333711
0.304675
0.29138
0.282846
0.277845
0.29022
0.210807
0.182896
0.182152
0.102454
0.103264
0.120052
0.138441
0.138612
0.141653
0.105519
0.140215
0.154704
0.136474
0.0908427
0.112615
0.0876594
0.126688
0.124148
0.114584
0.110451
0.121537
0.0778737
0.0797665
0.0676034
0.0268774
0.0567522
0.127414
0.135569
0.122469
0.167502
0.177986
0.127206
0.196009
0.190497
0.161892
0.137294
0.0966101
0.0905389
0.0551303
0.0786085
0.111776
0.165899
0.173397
0.173862
0.162976
0.135821
0.103868
0.0981517
0.130511
0.113885
0.126935
0.152153
0.162535
0.140377
0.195434
0.188683
0.169199
0.102952
0.0894515
0.0944898
0.0818169
0.123251
0.160153
0.160673
0.132734
0.110041
0.0889912
0.0519449
0.0565504
0.0711522
0.0556522
-0.00992276
0.0760914
0.121547
0.105117
0.107923
0.1003
0.0829436
0.0595196
0.0426746
0.0855986
0.112024
0.132662
0.171915
0.157536
0.0649113
0.0593589
0.0552628
0.0423781
0.0402257
0.0784226
0.158464
0.144882
0.16857
0.195617
0.173615
0.120588
0.100934
0.102264
0.0680581
0.0950261
0.0476723
0.0236607
0.150075
0.164644
0.161951
0.17088
0.16343
0.0968795
0.111818
0.137348
0.155178
0.139268
0.163498
0.10054
0.0875273
0.113684
0.143812
0.175335
0.182901
0.184658
0.192746
0.156632
0.169322
0.192467
0.207758
0.125661
0.117445
0.138966
0.110473
0.0804235
0.0973001
0.124821
0.165298
0.0753563
0.0645567
0.0537265
0.127571
0.126981
0.0676066
0.111037
0.153929
0.163576
0.150697
0.125185
0.139484
0.107922
0.077815
0.136936
0.161571
0.145562
0.127901
0.0509345
0.19177
0.258542
0.2746
0.259562
0.231978
0.195326
0.1751
0.13223
0.175402
0.16616
0.153618
0.131261
0.138527
0.159775
0.159151
0.110844
0.159466
0.1418
0.191998
0.197467
0.150718
0.128095
0.130357
0.110547
0.175392
0.195067
0.0288076
0.106934
0.222759
0.23464
0.217718
0.232202
0.216353
0.246763
0.184122
0.168558
0.175705
0.183186
0.1877
0.152739
0.134885
0.141192
0.0781836
0.0804823
0.0870066
0.119601
0.138485
0.180142
0.190415
0.165864
0.119034
0.0815358
0.00928194
0.10325
0.0929916
0.140791
0.182122
0.208692
0.135736
0.173277
0.162932
0.172986
0.216321
0.154732
0.118555
0.0953224
0.047914
0.12112
0.188001
0.200445
0.178156
0.182938
0.218209
0.253771
0.204781
0.184867
0.129617
0.131557
0.133725
0.0875204
0.0506124
0.178878
0.196403
0.131938
0.136687
0.193053
0.235186
0.241276
0.226576
0.162407
0.102996
0.125623
0.184848
0.118865
0.0686622
0.121344
0.153384
0.15623
0.168169
0.139528
0.193217
0.176694
0.177044
0.1832
0.142673
0.129513
0.150436
0.171616
0.181967
0.137129
0.144228
0.164267
0.185651
0.115655
0.0620273
0.126714
0.088411
0.071557
0.0939693
0.116935
0.136833
0.143247
0.127455
0.108286
0.0671523
0.0880552
0.160002
0.16031
0.12612
0.11077
0.165849
0.168158
0.164372
0.168872
0.150922
0.152737
0.171662
0.216552
0.194245
0.139019
0.193975
0.200213
0.140237
0.152186
0.140512
0.11789
0.145706
0.14403
0.151138
0.175802
0.196458
0.16658
0.144736
0.14841
0.121192
0.0783509
0.100156
0.108818
0.141546
0.202213
0.0776418
0.168081
0.237199
0.238536
0.226436
0.209271
0.180648
0.128141
0.0680159
0.119267
0.161611
0.154726
0.15053
0.136452
0.118895
0.157316
0.186799
0.193114
0.180104
0.176417
0.163609
0.125513
0.0842077
0.0367027
0.0289364
0.125376
0.137112
0.143267
0.190527
0.189947
0.134453
0.221567
0.252384
0.282301
0.272278
0.223017
0.183981
0.131372
0.147725
0.146115
0.137449
0.100384
0.130065
0.181437
0.18455
0.177733
0.116825
0.102983
0.116133
0.137614
0.112373
0.0991197
0.127448
0.0638686
0.068371
0.182224
0.228279
0.200322
0.161155
0.173568
0.144376
0.133634
0.14873
0.147517
0.0981064
0.104442
0.13569
0.163138
0.17101
0.128122
0.0269462
0.0584329
0.122813
0.156128
0.215731
0.154711
0.162664
0.137451
0.153688
0.133628
0.100947
0.118612
0.146121
0.154427
0.101433
0.042275
0.0966854
0.161778
0.222569
0.256973
0.298884
0.310143
0.339011
0.331325
0.293338
0.278924
0.242792
0.211039
0.192888
0.199801
0.20157
0.111301
0.13718
0.176135
0.193523
0.18681
0.18341
0.13874
0.146187
0.122205
0.152222
0.150929
0.210554
0.254077
0.189324
0.20245
0.216446
0.203379
0.183061
0.2286
0.216487
0.239613
0.228171
0.213588
0.147018
0.153656
0.191646
0.136626
0.110762
0.103384
0.0871204
0.112612
0.129817
0.151845
0.177346
0.106191
0.118961
0.0843404
0.0688084
0.0266249
0.0459144
0.102099
0.156002
0.145564
0.123795
0.167195
0.183916
0.209106
0.126165
0.178512
0.130703
0.138227
0.20937
0.224908
0.130662
0.183999
0.149559
0.239173
0.291162
0.211643
0.190776
0.123199
0.156457
0.120274
0.142898
0.194759
0.209975
0.202995
0.178741
0.188406
0.163118
0.13699
0.108639
0.0728
0.045201
0.0591579
0.0851286
0.0786371
0.076472
0.0330587
0.104219
0.157602
0.182697
0.192995
0.060551
0.109848
0.0839349
0.0885089
0.141391
0.157561
0.19875
0.243952
0.110412
0.149377
0.151427
0.114661
0.0571445
0.0392015
0.101746
0.169267
0.202488
0.290144
0.332551
0.394024
0.351751
0.276621
0.187902
0.200732
0.21059
0.188439
0.184017
0.182262
0.139762
0.155185
0.17478
0.219811
0.225219
0.220516
0.201527
0.165354
0.2224
0.252444
0.0756479
0.0528319
0.142271
0.204283
0.176837
0.103282
0.17415
0.144088
0.10752
0.0354184
0.0728829
0.102298
0.175503
0.159678
0.199495
0.198759
0.238316
0.188646
0.222212
0.20344
0.116556
0.0418694
0.0581414
0.0954118
0.122218
0.125916
0.179301
0.212119
0.203512
0.230258
0.272427
0.20632
0.16601
0.150354
0.142402
0.122549
0.114154
0.122985
0.118508
0.0961169
0.0806562
0.0825173
0.0690244
0.0729455
0.0683856
0.090369
0.111598
0.118182
0.126773
0.172387
0.15595
0.114812
0.0578213
-0.00176753
0.0588349
0.127598
0.170646
0.163394
0.0936124
0.111505
0.142042
0.244733
0.254309
0.214371
0.229098
0.224632
0.169157
0.151665
0.160028
0.123031
0.155567
0.180029
0.270929
0.29899
0.258571
0.238355
0.233407
0.137339
0.234662
0.243232
0.207071
0.179397
0.0530305
0.0951997
0.153726
0.176801
0.18699
0.240361
0.260894
0.244239
0.196616
0.182421
0.186749
0.169082
0.194515
0.202776
0.128216
-0.0150653
0.0709857
0.171293
0.199141
0.0780007
0.153798
0.186841
0.18329
0.229485
0.223584
0.154789
0.215136
0.2512
0.238801
0.185819
0.166104
0.19398
0.140045
0.137657
0.148647
0.206873
0.258113
0.240375
0.261336
0.297037
0.275093
0.270089
0.261163
0.321733
0.139
0.180603
0.14184
0.169095
0.15631
0.150738
0.183862
0.144611
0.155549
0.144973
0.125445
0.0666341
0.0643437
0.0869111
0.0816138
0.0329295
0.104359
0.0940124
0.134249
0.205728
0.252493
0.298979
0.27098
0.218365
0.192645
0.160091
0.165786
0.127545
0.121819
0.123007
0.147457
0.146233
0.102333
0.0907347
0.118825
0.140241
0.108444
0.153309
0.140942
0.114195
0.0918531
0.0857181
0.111205
0.1342
0.19746
0.209714
0.195483
0.136397
0.131902
0.183854
0.101481
0.0810909
0.157389
0.185462
0.103076
0.118672
0.105191
0.12409
0.120646
0.120523
0.091653
0.0662
0.108105
0.20143
0.209971
0.179191
0.234636
0.234675
0.166699
0.143591
0.142375
0.150035
0.147478
0.180074
0.0487344
0.0222643
0.0538473
0.0896008
0.0864164
0.0990319
0.0829801
0.0901779
0.0652147
0.104658
0.183591
0.187434
0.180902
0.209694
0.194737
0.182982
0.186484
0.193002
0.0910793
0.0729705
0.05952
0.0573033
0.0628897
0.0239392
0.0935316
0.156472
0.160858
0.128759
0.119879
0.110542
0.107916
0.103738
0.0880088
0.0721286
0.0731509
0.0663986
0.086334
0.136039
0.0918042
0.0941393
0.121507
0.137529
0.146329
0.162979
0.136913
0.180671
0.162827
0.165482
0.187148
0.187648
0.15076
0.160895
0.202862
0.152712
0.15294
0.14132
0.156213
0.162788
0.137289
0.177693
0.146247
0.20676
0.216001
0.137773
0.175664
0.196878
0.0587701
0.149689
0.156359
0.143722
0.122958
0.114026
0.0886207
0.0145837
0.0416008
0.0816008
0.0853344
0.0776311
0.0897866
0.0531071
0.136903
0.128976
0.149295
0.127256
0.0926509
0.12122
0.135361
0.1586
0.189598
0.225541
0.234567
0.239381
0.231164
0.247019
0.219313
0.244257
0.247944
0.238602
0.196941
0.200043
0.156633
0.200787
0.183615
0.171973
0.105952
0.141587
0.191046
0.207721
0.242937
0.299246
0.229567
0.19794
0.129338
0.159051
0.178679
0.262862
0.256501
0.287062
0.301216
0.285775
0.238011
0.169133
0.193848
0.188919
0.126543
0.150946
0.178177
0.171838
0.206008
0.206995
0.217322
0.276274
0.255875
0.0926766
0.175904
0.220918
0.163324
0.0703501
0.190462
0.238183
0.237693
0.217004
0.185118
0.210616
0.214718
0.0658248
0.106209
0.169356
0.0732116
0.0685996
0.077359
0.113014
0.11277
0.135481
0.166551
0.143008
0.110288
0.0846727
0.0943778
0.106715
0.113297
0.0647404
0.0701981
0.135335
0.204276
0.0996068
0.171028
0.204102
0.197698
0.142795
0.205097
0.262873
0.266981
0.292029
0.32333
0.302122
0.291679
0.311875
0.199543
0.249474
0.206322
0.239664
0.183157
0.224531
0.208261
0.264113
0.296131
0.237325
0.317108
0.322651
0.30993
0.299651
0.284986
0.217625
0.208501
0.207142
0.22742
0.250611
0.222373
0.174971
0.176964
0.172069
0.16766
0.139688
0.150809
0.198218
0.180976
0.107735
0.131618
0.188986
0.137461
0.149646
0.219371
0.156514
0.132463
0.0919141
0.0961018
0.134543
0.127546
0.115613
0.0983379
0.0602226
0.0946351
0.111784
0.0683847
0.0656531
0.103997
0.172541
0.221038
0.185914
0.0633646
0.209842
0.280382
0.248911
0.207003
0.134981
0.0993069
0.121382
0.0890408
0.098127
0.114186
0.16008
0.132986
0.131396
0.0665764
0.036064
0.130622
0.198962
0.113519
0.212136
0.265813
0.251367
0.245942
0.220533
0.185494
0.088844
0.113504
0.0830005
0.101869
0.118169
0.00503396
0.109675
0.132928
0.154555
0.203965
0.224995
0.119269
0.135636
0.152807
0.149906
0.157766
0.159485
0.131794
0.171112
0.148996
0.148064
0.140995
0.0802379
0.0917461
0.149019
0.115959
0.17149
0.207673
0.191827
0.289939
0.175798
0.189225
0.198378
0.239779
0.280003
0.200318
0.182541
0.220219
0.198183
0.111548
0.0972899
0.123642
0.13628
0.138969
0.0911939
0.131488
0.119291
0.166666
0.218567
0.265234
0.195374
0.179783
0.143118
0.125118
0.128646
0.127283
0.166335
0.167155
0.17711
0.171725
0.141348
0.0804978
0.113184
0.177616
0.18304
0.191446
0.123731
0.0903707
0.0773896
0.100924
0.0912378
0.142957
0.156758
0.205643
0.155372
0.198998
0.190328
0.129488
0.139053
0.171279
0.1149
0.134091
0.14135
0.160291
0.168811
0.123274
0.114855
0.0980545
0.109
0.135318
0.122065
0.136972
0.191725
0.172521
0.205531
0.190534
0.179555
0.154643
0.0804119
0.121023
0.185518
0.177107
0.144777
0.163535
0.081155
0.109566
0.150622
0.205365
0.162863
0.236682
0.254844
0.251741
0.228595
0.182241
0.180274
0.158982
0.119764
0.132178
0.0971018
0.105074
0.120995
0.204326
0.263139
0.285596
0.274214
0.258201
0.270293
0.285866
0.272771
0.123966
0.0614598
0.0752664
0.160533
0.185812
0.138242
0.0864632
0.21489
0.253572
0.232532
0.253644
0.169737
0.165719
0.175626
0.204435
0.200072
0.172213
0.159201
0.149752
0.163122
0.12398
0.110065
0.123044
0.0657107
0.0908299
0.120732
0.166067
0.172098
0.148118
0.17652
0.230656
0.220376
0.199842
0.199201
0.179435
0.173321
0.15375
0.106349
0.136902
0.0979604
0.0730822
0.105574
0.118409
0.138445
0.128535
0.0198501
0.0753444
0.148812
0.161763
0.186092
0.144929
0.134251
0.160993
0.173309
0.124044
0.124928
0.141397
0.16376
0.116962
0.0498348
0.0647089
0.115303
0.135727
0.104435
0.125614
0.169308
0.216114
0.185302
0.140493
0.148837
0.166009
0.134725
0.142495
0.10809
0.053395
0.101856
0.103803
0.125426
0.0231178
0.118302
0.153109
0.169614
0.187942
0.198427
0.203921
0.200587
0.19166
0.168883
0.121935
0.136247
0.221775
0.232298
0.289853
0.32587
0.338686
0.368096
0.318238
0.259275
0.265197
0.174079
0.146327
0.106458
0.100039
0.127294
0.132318
0.117246
0.139866
0.153218
0.143996
0.13682
0.1674
0.131245
0.177182
0.200775
0.169493
0.163084
0.192654
0.236469
0.235819
0.180575
0.136254
0.0848626
0.0628094
0.0507246
0.0121218
-0.0171973
-0.0275761
0.035196
0.104909
0.141339
0.249953
0.3146
0.309311
0.272811
0.210481
0.139448
0.122604
0.126951
0.134847
0.140224
0.159715
0.172173
0.161812
0.166715
0.202187
0.203031
0.135187
0.138794
0.105776
0.0643378
0.0439083
0.0649809
0.0716306
0.0700137
0.0713902
0.092826
0.0722951
0.129057
0.165783
0.192016
0.0810413
0.0658696
0.0910201
0.152062
0.220843
0.140046
0.0964667
0.224949
0.24534
0.206414
0.17347
0.152446
0.154873
0.145162
0.0955838
0.0940998
0.156756
0.173868
0.15202
0.195997
0.216004
0.0964564
0.0361218
0.171309
0.190231
0.190797
0.212524
0.26395
0.260565
0.187184
0.157466
0.0917743
0.107782
0.0791703
0.104105
0.0786208
0.0298201
0.0919934
0.141497
0.157442
0.198056
0.205474
0.202875
0.184288
0.177968
0.230049
0.177867
0.187629
0.257928
0.239071
0.245177
0.208397
0.162886
0.102551
0.127759
0.145816
0.162836
0.146752
0.158902
0.199839
0.198068
0.160941
0.116575
0.100242
0.0728912
0.0672225
0.0154893
0.00725134
0.0133463
0.0555147
0.0792047
0.125544
0.164627
0.172763
0.185274
0.186991
0.125131
0.175377
0.198743
0.182725
0.198402
0.206927
0.194336
0.138553
0.19833
0.220828
0.318102
0.254241
0.296503
0.128711
0.195083
0.259332
0.278875
0.302717
0.332647
0.306763
0.23474
0.203512
0.199275
0.165469
0.145608
0.176588
0.173529
0.15779
0.18321
0.226794
0.241241
0.250881
0.225348
0.26914
0.257821
0.180752
0.153238
0.198141
0.210901
0.177178
0.140282
0.147611
0.157825
0.273868
0.286353
0.261685
0.212813
0.318522
0.357073
0.317944
0.284607
0.218988
0.254273
0.22173
0.198681
0.125044
0.133291
0.206684
0.221628
0.240555
0.237395
0.234663
0.254139
0.256938
0.287219
0.29101
0.251131
0.196315
0.153256
0.182427
0.16417
0.193476
0.212957
0.228112
0.25112
0.261989
0.196553
0.0937787
0.0739082
0.104524
0.186433
0.147083
0.178393
0.226236
0.227604
0.251822
0.234145
0.148196
0.154141
0.0969945
0.0475844
0.0345577
0.0447323
0.104323
0.135964
0.102794
0.190726
0.206156
0.125887
0.114211
0.0884102
0.082011
0.139591
0.163454
0.108092
0.202844
0.217633
0.241014
0.241665
0.180196
0.281035
0.253831
0.204198
0.151576
0.155644
0.145436
0.165925
0.151038
0.11313
0.147114
0.121926
0.103678
0.10474
0.0507517
0.102808
0.234787
0.280444
0.244979
0.264481
0.254188
0.238162
0.21402
0.203091
0.175791
0.175872
0.110139
0.049301
0.0917498
0.12762
0.152017
0.144592
0.134983
0.120464
0.1053
0.0328125
0.11749
0.119631
0.143556
0.146501
0.142369
0.143964
0.111013
0.120612
0.0938859
0.0548611
0.072257
0.0807475
0.0904112
0.125043
0.133272
0.105749
0.0628242
0.0575566
0.117994
0.165428
0.222774
0.235743
0.207327
0.145258
0.204299
0.21076
0.219448
0.214014
0.121969
0.155242
0.147719
0.141755
0.141334
0.171541
0.145761
0.160787
0.163208
0.132783
0.183601
0.199291
0.204566
0.325731
0.305545
0.252006
0.205462
0.228245
0.255624
0.263425
0.228828
0.185117
0.166879
0.137691
0.116476
0.10464
0.0707913
0.0232956
0.0917504
0.0765652
0.117031
0.079747
0.0841421
0.0771025
0.0746751
0.147941
0.178452
0.226198
0.175929
0.206956
0.181228
0.164717
0.174313
0.175267
0.173846
0.19999
0.225473
0.0757021
0.128183
0.138482
0.130626
0.0811639
0.0446843
0.0517379
0.120305
0.120398
0.105328
0.0783232
0.0940081
0.122893
0.0643055
0.0381222
0.0578537
0.113354
0.204264
0.222189
0.206959
0.138518
0.187133
0.233192
0.231649
0.2137
0.170584
0.15646
0.207026
0.164298
0.0970477
0.0869071
0.163446
0.249732
0.138295
0.156013
0.165063
0.16219
0.186869
0.143303
0.144579
0.215779
0.241166
0.236501
0.202756
0.177198
0.157055
0.122449
0.114155
0.0902836
0.104114
0.112343
0.135273
0.159571
0.124093
-0.0209423
0.0391145
0.0889474
0.132454
0.0976935
0.149493
0.148201
0.149809
0.223597
0.271161
0.240203
0.205776
0.166747
0.134444
0.111509
0.090633
0.0707979
0.0767818
0.091527
0.121585
0.0603981
0.0469129
0.0678645
0.0281569
0.0283322
0.0581477
0.0361362
0.0506123
0.0282654
0.0813613
0.162548
0.147734
0.14823
0.133293
0.139397
0.149495
0.132116
0.0981336
0.170323
0.204417
0.223352
0.2102
0.195112
0.243623
0.292248
0.245548
0.199815
0.150031
0.119907
0.0893253
0.0724865
0.0599622
0.0622753
0.0883743
0.134568
0.135556
0.165239
0.221734
0.245006
0.181777
0.139618
0.155755
0.16674
0.148142
0.118483
0.1244
0.0824726
0.0696149
0.0939229
0.132496
0.129406
0.150473
0.216623
0.261945
0.236865
0.18372
0.241302
0.123625
0.21259
0.220802
0.225134
0.262093
0.290293
0.304598
0.282555
0.23005
0.1651
0.130047
0.144723
0.0255638
-0.0104882
-0.0193134
0.0308424
0.100404
0.119092
0.0660224
0.183341
0.298506
0.360922
0.336237
0.305254
0.258461
0.239775
0.222033
0.23971
0.236567
0.205733
0.205174
0.289135
0.264533
0.214999
0.279592
0.278144
0.340352
0.375547
0.343983
0.304764
0.258432
0.235397
0.173662
0.167499
0.147564
0.191373
0.125159
0.183565
0.0643716
0.0689793
0.0820127
0.134955
0.182368
0.11167
0.0683608
0.103681
0.108919
0.163365
0.166041
0.214162
0.228118
0.22096
0.161339
0.141555
0.144902
0.142611
0.0906027
0.112637
0.127614
0.092367
0.102668
0.0881294
0.0931076
0.12524
0.0964071
0.117835
0.099647
0.111358
0.141521
0.139772
0.158436
0.173099
0.148234
0.158544
0.0970932
0.0076604
0.157252
0.185135
0.097592
-0.0122893
0.218398
0.280171
0.325491
0.270392
0.189154
0.194075
0.116546
0.0534564
0.0800894
0.0778199
0.129352
0.0537283
0.146228
0.196274
0.202016
0.193421
0.17264
0.112657
0.0892608
0.10294
0.0831293
0.0506646
0.0410506
0.0640933
0.0975683
0.122064
0.1304
0.108486
0.0913564
0.0254918
-0.00140004
0.0314759
0.0705115
0.114639
0.144668
0.24931
0.294291
0.335624
0.321181
0.291921
0.284207
0.250681
0.240777
0.223261
0.173471
0.107093
0.117032
0.0692707
0.0820086
0.0867642
0.0500334
0.222328
0.233364
0.228139
0.188194
0.156682
0.0927888
0.122198
0.151504
0.128051
0.0880111
0.19034
0.206329
0.219104
0.194199
0.156476
0.121169
0.122682
0.0898841
0.146871
0.259471
0.283811
0.250914
0.297843
0.222657
0.18442
0.0960474
0.105961
0.167535
0.188375
0.181425
0.212728
0.257482
0.328376
0.287054
0.273356
0.2859
0.236091
0.185785
0.22427
0.113584
0.132985
0.153759
0.111845
0.0564072
0.113176
0.122047
0.140902
0.121724
0.106417
0.122332
0.155078
0.16118
0.140055
0.123552
0.106147
0.0634263
0.0631802
0.0606794
0.0668603
0.0629057
0.169727
0.233488
0.211615
0.211455
0.193487
0.169583
0.121649
0.182258
0.159778
0.129724
0.121974
0.0886092
0.0661237
0.0836766
0.140304
0.0620783
0.11764
0.136467
0.133758
0.166283
0.0909387
0.122395
0.198718
0.223404
0.210541
0.156062
0.131341
0.125721
0.130761
0.19387
0.19603
0.146447
0.166918
0.188338
0.18784
0.197483
0.249189
0.24216
0.220832
0.182476
0.121078
0.0655993
0.136716
0.171033
0.162582
0.165029
0.127377
0.085895
0.143785
0.205507
0.252873
0.23194
0.223741
0.173117
0.174083
0.142142
0.110144
0.144559
0.143058
0.134941
0.145098
0.0669574
0.0214882
0.139499
0.202844
0.256802
0.109324
0.0956799
0.115073
0.171078
0.103808
0.119478
0.172646
0.130365
0.222444
0.367626
0.286625
0.290303
0.270662
0.238201
0.160246
0.16182
0.143633
0.107633
0.100957
0.125451
0.152547
0.158236
0.207929
0.209156
0.197475
0.218688
0.160265
0.177876
0.13027
0.108001
0.0682093
0.11937
0.162357
0.0884538
0.160188
0.160415
0.0870042
0.0529663
0.079951
0.142355
0.13699
0.0550729
0.0756946
0.0610826
0.105884
0.155086
0.179971
0.234838
0.15001
0.146113
0.156913
0.14036
0.126223
0.0630691
0.0824944
0.0881829
0.0635389
0.0312891
0.13117
0.180292
0.178673
0.166403
0.214116
0.214337
0.184934
0.1732
0.19369
0.173422
0.143395
0.153998
0.185059
0.166736
0.155979
0.190558
0.223057
0.25439
0.260072
0.171228
0.135838
0.143856
0.113541
0.162481
0.152228
0.0524633
0.0872116
0.149907
0.158587
0.173303
0.171136
0.16087
0.128229
0.140359
0.108325
0.089437
0.100562
0.149226
0.0530094
0.102237
0.143778
0.154614
0.176572
0.150776
0.165127
0.221851
0.209005
0.0904742
0.146748
0.184759
0.163133
0.137283
0.132946
0.152212
0.116695
0.142437
0.130722
0.153623
0.157078
0.203393
0.232891
0.250365
0.22142
0.148536
0.145267
0.121955
0.0158371
0.0131179
0.165667
0.22369
0.273144
0.244875
0.190674
0.107483
0.0716718
0.0655794
0.0727978
0.0243081
0.0218105
0.0527168
0.069117
0.0946529
0.0739459
0.0494693
0.125655
0.150841
0.152221
0.14353
0.169016
0.154355
0.149515
0.141734
0.0929284
0.0969949
0.0956575
0.0853388
-0.00273901
0.0199056
0.0250622
0.0344651
0.0523468
0.0226784
0.0988886
0.0877427
0.13493
0.152684
0.136099
0.135679
0.150938
0.0991163
0.138537
0.138002
0.111019
0.0983587
0.0865941
0.0826977
0.00757241
0.00411392
0.0494295
0.0938266
0.120074
0.20275
0.213041
0.189799
0.169221
0.17481
0.200906
0.185017
0.155304
0.158775
0.103488
-0.0482834
0.140448
0.237195
0.240291
0.231224
0.261846
0.287125
0.198807
0.085324
0.161095
0.175717
0.163778
0.152006
0.103711
0.103901
0.121182
0.130218
0.135309
0.129817
0.0497646
0.079645
0.131876
0.144904
0.110659
0.108175
0.147655
0.157116
0.109785
0.154853
0.177652
0.174089
0.17426
0.168363
0.155138
0.165942
0.152832
0.110362
0.107971
0.130275
0.0710921
0.112437
0.155093
0.25786
0.345301
0.364774
0.330099
0.297103
0.276921
0.237391
0.174029
0.133853
0.117842
0.0293452
0.0494413
0.00911696
0.0236836
0.0512373
0.0678058
0.134744
0.0787086
0.070418
0.0670598
0.0400321
0.0267805
0.0552073
0.108963
0.158145
0.119157
0.116773
0.156935
0.16921
0.168197
0.222379
0.228038
0.269209
0.25162
0.195086
0.190557
-0.00433301
0.0699185
0.153315
0.160332
0.163705
0.272075
0.319692
0.30405
0.253618
0.216708
0.218782
0.186673
0.16717
0.139413
0.100483
0.0597425
0.0428354
0.106762
0.225332
0.161644
0.147288
0.117629
0.0801928
0.206353
0.285333
0.298758
0.323517
0.259334
0.254671
0.22343
0.231849
0.279922
0.249094
0.162708
0.222677
0.2904
0.312844
0.320497
0.23688
0.15659
0.12922
0.0809887
0.0250641
-0.00654359
0.133975
0.186201
0.248938
0.267588
0.261421
0.310585
0.316436
0.316886
0.282274
0.212266
0.203387
0.128156
0.254918
0.21704
0.180939
0.198804
0.180726
0.215862
0.197884
0.187173
0.156776
0.134695
0.105479
0.0647745
0.0965335
0.18991
0.245829
0.25624
0.32745
0.26746
0.261579
0.272849
0.276579
0.241584
0.156088
0.180451
0.155262
0.0912154
0.0904968
0.0957752
0.08892
0.147626
0.211502
0.19183
0.180713
0.185778
0.169156
0.18056
0.163167
0.151445
0.0732775
0.107775
0.105733
0.0945609
0.0880703
0.105994
0.213754
0.250947
0.247753
0.243006
0.243933
0.187465
0.171662
0.22382
0.29526
0.300364
0.289594
0.322514
0.322282
0.315677
0.295257
0.206068
0.153044
0.155122
0.170469
0.195165
0.218611
0.177955
0.146541
0.101768
0.226988
0.317121
0.299734
0.300846
0.28472
0.203789
0.214103
0.280384
0.382302
0.308697
0.297448
0.257686
0.206145
0.165843
0.164672
0.0810451
0.178519
0.235938
0.265133
0.260368
0.258137
0.265649
0.237825
0.181143
0.214106
0.188394
0.185438
0.20179
0.209451
0.217796
0.246627
0.20663
0.245619
0.271317
0.192463
0.16712
0.220369
0.145051
0.185088
0.19706
0.184392
0.211027
0.226858
0.214374
0.187033
0.159737
0.12388
0.11339
0.192098
0.238969
0.0702061
0.165868
0.122369
0.0468205
0.104378
0.0804436
0.171595
0.211596
0.247168
0.203086
0.136586
0.119292
0.0988893
0.0904961
0.127813
0.092647
0.104709
0.125499
0.131896
0.147462
0.126845
0.148648
0.160237
0.165053
0.141636
0.149403
0.09681
0.102415
0.0909194
0.120578
0.172871
0.138713
0.14564
0.138754
0.163557
0.166499
0.16305
0.193506
0.217745
0.243511
0.252082
0.192626
0.223683
0.188438
0.19933
0.158125
0.162849
0.24223
0.252749
0.195988
0.115852
0.174302
0.224985
0.159183
0.143491
0.113754
0.0358228
0.130705
0.204877
0.23009
0.25551
0.265915
0.241965
0.195993
0.154537
0.133009
0.11066
0.102591
0.151957
0.119983
0.113711
0.131222
0.163389
0.185076
0.216047
0.225584
0.157521
0.0734662
0.0234689
0.119999
0.161417
0.191676
0.199878
0.1653
0.217679
0.199103
0.21495
0.208934
0.177871
0.116785
0.107684
0.13371
0.20018
0.181396
0.154139
0.0805246
0.138268
0.221936
0.174546
0.215718
0.179361
0.15856
0.171583
0.17896
0.138481
0.211259
0.272064
0.253267
0.164881
0.170546
0.160262
0.141622
0.130707
0.0737793
0.098125
0.185426
0.242383
0.26135
0.225345
0.184441
0.150679
0.168923
0.181034
0.137508
0.0650586
0.0771315
0.0822315
0.065865
0.0835484
0.0763041
0.0460249
0.051506
0.0728823
0.111139
0.155587
0.0653415
0.0875606
0.12178
0.151222
0.145853
0.110839
0.131232
0.201605
0.180965
0.158928
0.152211
0.129982
0.132977
0.192724
0.209137
0.160681
0.146172
0.124494
0.0876243
0.14802
0.187238
0.240219
0.300234
0.339141
0.301314
0.203542
0.177136
0.203186
0.230981
0.220514
0.169041
0.134823
0.173153
0.197993
0.199483
0.192192
0.175091
0.107692
0.108072
0.142536
0.138312
0.112687
0.113188
0.139821
0.150521
0.124107
0.141855
0.153186
0.165334
0.172794
0.174336
0.164065
0.176343
0.149232
0.110614
0.165467
0.204719
0.145078
0.109898
0.128432
0.195055
0.202546
0.184324
0.108842
0.097063
0.181709
0.191574
0.173161
0.172206
0.146668
0.123783
0.150911
0.134039
0.130311
0.144341
0.134753
0.103496
0.109838
0.155195
0.0266206
0.173896
0.177097
0.207171
0.124743
0.139275
0.181763
0.129511
0.0816847
0.152775
0.231921
0.237859
0.213073
0.180041
0.13215
0.133657
0.100622
0.0922334
0.0627153
0.0684767
0.122223
0.15961
0.142433
0.177119
0.210934
0.212213
0.134989
0.180862
0.173301
0.16019
0.232236
0.272868
0.268842
0.256934
0.244622
0.215806
0.187826
0.0341994
0.0555904
0.160148
0.184896
0.176045
0.211634
0.258695
0.344045
0.3856
0.305491
0.23288
0.213242
0.245707
0.226362
0.19134
0.193042
0.203228
0.215081
0.221582
0.219257
0.21124
0.212381
0.197298
0.182613
0.175645
0.2375
0.162715
0.184876
0.155601
0.154254
0.156746
0.169618
0.158918
0.141016
0.14717
0.178052
0.134847
0.139522
0.0752829
0.142978
0.181827
0.197032
0.169689
0.19463
0.162149
0.149742
0.121392
0.117386
0.102446
0.0999044
0.126804
0.117847
0.165516
0.114013
0.0684208
0.128377
0.146098
0.140013
0.0788738
0.139071
0.17302
0.180798
0.150825
0.177749
0.0793499
0.093432
0.0731993
0.0120049
0.121421
0.139901
0.170702
0.153766
0.0510257
0.0722507
0.0834703
0.163444
0.200826
0.241343
0.193979
0.139634
0.269166
0.277647
0.291938
0.258236
0.203312
0.171107
0.193885
0.254332
0.233332
0.296315
0.236206
0.249329
0.26136
0.25436
0.233699
0.215187
0.085772
0.224995
0.302308
0.236962
0.23094
0.156432
0.127905
0.167631
0.155162
0.164551
0.142862
0.0846889
0.130657
0.151213
0.201954
0.241942
0.197533
0.226453
0.267762
0.171091
0.147264
0.159467
0.17168
0.139942
0.141991
0.197723
0.141783
0.124126
0.136328
0.118381
0.103717
0.147714
0.174839
0.233648
0.249353
0.197483
0.205096
0.183854
0.18265
0.175261
0.192676
0.119061
0.126272
0.0933187
0.0498567
0.124056
0.206142
0.175751
0.149181
0.159729
0.175554
0.144141
0.117598
0.069896
0.0897003
0.186462
0.259156
0.27484
0.241507
0.229807
0.242673
0.195947
0.177323
0.128117
0.0869953
0.0644901
0.0860311
0.144245
0.146807
0.150365
0.16056
0.197088
0.186344
0.178483
0.153373
0.127772
0.193126
0.29674
0.271725
0.301177
0.248357
0.353969
0.325721
0.333318
0.397126
0.368961
0.341005
0.300492
0.26366
0.212569
0.188925
0.112569
0.110198
0.131605
0.134766
0.113808
0.110135
0.0839324
0.15398
0.219599
0.223057
0.204809
0.100936
0.109561
0.191936
0.181929
0.237585
0.200629
0.219331
0.234111
0.26158
0.254909
0.221637
0.170949
0.135536
0.174716
0.156146
0.120414
0.117869
0.126828
0.156648
0.211425
0.197598
0.120095
0.187083
0.170919
0.114809
0.0185993
0.0672586
0.0568289
0.00545933
0.185647
0.266171
0.279046
0.123238
0.20267
0.291196
0.264519
0.27856
0.281138
0.187806
0.155797
0.1949
0.222534
0.237433
0.224745
0.233751
0.169937
0.136923
0.185633
0.0937662
0.152728
0.208936
0.280403
0.273259
0.239621
0.176634
0.161135
0.228199
0.230027
0.204161
0.194137
0.211548
0.192446
0.14198
0.140042
0.137084
0.126925
0.116325
0.130953
0.154341
0.20662
0.250916
0.273228
0.199629
0.199245
0.193041
0.182243
0.167558
0.172566
0.160038
0.14747
0.167626
0.185441
0.171181
0.216901
0.233489
0.200895
0.166566
0.184261
0.137201
0.123301
0.0948311
0.109985
0.144265
0.138391
0.00783682
0.102443
0.143942
0.10551
0.165774
0.165256
0.140378
0.103887
0.158299
0.20971
0.197329
0.189697
0.186368
0.125492
0.125849
0.0697176
0.0546027
0.049703
0.0594362
0.104187
0.192291
0.212885
0.201079
0.139133
0.10227
0.120979

