0	4	
5	164	
165	168	
169	170	
171	174	
175	180	
181	186	
187	211	
212	223	
224	276	
277	280	
281	359	
360	360	
361	451	
452	462	
463	486	
487	486	
487	488	
489	647	
648	1419	
1420	1430	
1431	1485	
1486	1972	
1973	2453	
2454	2454	
2455	2457	
2458	2465	
2466	2706	
2707	2707	
2708	2717	
2718	2906	
2907	2926	
2927	2967	
2968	2977	
2978	3054	
3055	3154	
3155	3161	
3162	3662	
3663	3716	
3717	3722	
3723	3777	
3778	3784	
3785	3797	
3798	3853	
3854	3856	
3857	3865	
3866	3867	
3868	3872	
3873	3972	
3973	3973	
3974	3979	
3980	3996	
3997	3997	
3998	4026	
4027	4026	
4027	4052	
4053	4092	
4093	4094	
4095	4101	
4102	4155	
4156	4166	
4167	4167	
4168	4186	
4187	4216	
4217	4236	
4237	4276	
4277	4315	
4316	4515	
4516	4518	
4519	4519	
4520	4600	
4601	4610	
4611	4612	
4613	4753	
4754	4760	
4761	4855	
4856	4891	
4892	5156	
5157	5197	
5198	5256	
5257	5262	
5263	5268	
5269	5624	
5625	5633	
5634	5657	
5658	5658	
5659	5711	
5712	5725	
5726	5765	
5766	5776	
5777	5778	
5779	6183	
6184	6208	
6209	6208	
6209	6235	
6236	6241	
6242	6260	
6261	6547	
6548	6555	
6556	6964	
6965	6999	
7000	7001	
7002	7643	
7644	7700	
7701	7761	
7762	7762	
7763	7849	
7850	7902	
7903	7905	
7906	7983	
7984	8030	
8031	8075	
8076	8136	
8137	8141	
8142	8143	
8144	8148	
8149	8149	
8150	8158	
8159	8243	
8244	8264	
8265	8296	
8297	8374	
8375	8378	
8379	8388	
8389	8418	
8419	8621	
8622	8645	
8646	8645	
8646	8712	
8713	8715	
8716	8845	
8846	8855	
8856	9134	
9135	9200	
9201	9224	
9225	9227	
9228	9231	
9232	9231	
9232	9231	
9232	9232	
9233	9235	
9236	9262	
9263	9289	
9290	9293	
9294	9296	
9297	9467	
9468	9491	
9492	9500	
9501	9508	
9509	9549	
9550	9550	
9551	9577	
9578	9627	
9628	9864	
9865	9870	
9871	9888	
9889	9963	
9964	10331	
10332	10332	
10333	10333	
10334	10340	
10341	10356	
10357	10397	
10398	10423	
10424	10429	
10430	10503	
10504	10526	
10527	10535	
10536	10557	
10558	10746	
10747	10791	
10792	10800	
10801	10801	
10802	10812	
10813	10837	
10838	10845	
10846	10887	
10888	10889	
10890	10898	
10899	10946	
10947	10947	
10948	10990	
10991	11012	
11013	11300	
11301	11306	
11307	11307	
11308	11378	
11379	11513	
11514	11586	
11587	11954	
11955	11955	
11956	11958	
11959	12002	
12003	12174	
12175	13627	
13628	13649	
13650	13679	
13680	13751	
13752	13762	
13763	13779	
13780	13800	
13801	13823	
13824	14383	
14384	14521	
14522	14530	
14531	14573	
14574	14577	
14578	14584	
14585	14585	
14586	14603	
14604	14604	
14605	16947	
16948	17029	
17030	17030	
17031	17037	
17038	17044	
17045	17045	
17046	17157	
17158	17166	
17167	17313	
17314	17351	
17352	17433	
17434	17465	
17466	19042	
19043	19057	
19058	19079	
19080	19194	
19195	19203	
19204	19219	
19220	19247	
19248	19247	
19248	19273	
19274	19287	
19288	19553	
19554	19562	
19563	20004	
20005	20033	
20034	20039	
20040	20149	
20150	20172	
20173	20181	
20182	20196	
20197	20241	
20242	20482	
20483	20493	
20494	20556	
20557	20582	
20583	20644	
20645	20670	
20671	20703	
20704	20707	
20708	20740	
20741	20774	
20775	20810	
20811	20945	
20946	21058	
21059	21084	
21085	21093	
21094	21139	
21140	21153	
21154	21164	
21165	21180	
21181	21190	
21191	21200	
21201	21238	
21239	21252	
21253	21462	
21463	21524	
21525	21529	
21530	21545	
21546	21555	
21556	21587	
21588	22399	
22400	22824	
22825	22870	
22871	22883	
22884	22889	
22890	23038	
23039	23061	
23062	23114	
23115	23136	
23137	23165	
23166	23185	
23186	23212	
23213	23233	
23234	23247	
23248	23253	
23254	23254	
23255	23262	
23263	23265	
23266	23315	
23316	23320	
23321	23597	
23598	23643	
23644	23708	
23709	23731	
23732	23733	
23734	23746	
23747	23754	
23755	23756	
23757	23795	
23796	23805	
23806	24021	
24022	24191	
24192	24198	
24199	24200	
24201	24203	
24204	24221	
24222	24245	
24246	24248	
24249	24251	
24252	24291	
24292	24305	
24306	24343	
24344	24348	
24349	24348	
24349	24368	
24369	24384	
24385	24389	
24390	24431	
24432	24452	
24453	24496	
24497	24496	
24497	24537	
24538	24547	
24548	24569	
24570	24711	
24712	24713	
24714	24720	
24721	24767	
24768	24860	
24861	24879	
24880	24975	
24976	25128	
25129	25218	
25219	25226	
25227	25280	
25281	25365	
25366	25397	
25398	25550	
25551	25551	
25552	25924	
25925	25974	
25975	25980	
25981	25987	
25988	26032	
26033	26037	
26038	26137	
26138	26150	
26151	26183	
26184	26433	
26434	26435	
26436	26438	
26439	26641	
26642	26663	
26664	30052	
30053	30082	
30083	30104	
30105	30106	
30107	30111	
30112	30112	
30113	30114	
30115	30304	
30305	30306	
30307	30313	
30314	30648	
30649	30700	
30701	30752	
30753	30753	
30754	30766	
30767	30791	
30792	31072	
31073	31077	
31078	31084	
31085	31088	
31089	31290	
31291	31305	
31306	31305	
31306	31324	
31325	31326	
31327	31394	
31395	31400	
31401	31403	
31404	31426	
31427	31485	
31486	31494	
31495	31622	
31623	31642	
31643	31663	
31664	32202	
32203	32265	
32266	32266	
32267	32301	
32302	32316	
32317	32375	
32376	32379	
32380	32382	
32383	32384	
32385	32397	
32398	32398	
32399	32422	
32423	32504	
32505	32556	
32557	32684	
32685	32688	
32689	32767	
32768	32777	
32778	32939	
32940	32960	
32961	32961	
32962	32962	
32963	32963	
32964	32964	
32965	32978	
32979	32981	
32982	32981	
32982	33394	
33395	33405	
33406	33549	
33550	33559	
33560	33572	
33573	33587	
33588	33604	
33605	34470	
34471	34478	
34479	38788	
38789	38789	
38790	38820	
38821	38821	
38822	38862	
38863	38863	
38864	38883	
38884	38885	
38886	39608	
39609	39707	
39708	40070	
40071	40077	
40078	40079	
40080	40080	
40081	40123	
40124	40334	
40335	41620	
41621	41707	
41708	41754	
41755	48517	
48518	48527	
48528	48530	
48531	48533	
48534	48534	
48535	48822	
48823	48823	
48824	48827	
48828	48959	
48960	48967	
48968	57531	
57532	57553	
57554	57557	
57558	57620	
57621	57625	
57626	57641	
57642	57660	
57661	58399	
58400	58401	
58402	58461	
58462	58710	
58711	58714	
58715	58734	
58735	58738	
58739	59214	
59215	59239	
59240	59279	
59280	59291	
59292	59328	
59329	59335	
59336	59335	
59336	59359	
59360	59363	
59364	59384	
59385	59589	
59590	59603	
59604	59604	
59605	59617	
59618	60513	
60514	60783	
60784	60881	
60882	61177	
61178	61185	
61186	61187	
61188	61192	
61193	61202	
61203	61203	
61204	61227	
61228	61234	
61235	61287	
61288	61290	
61291	61326	
61327	61328	
61329	61355	
61356	61363	
61364	61366	
61367	61376	
61377	61406	
61407	61424	
61425	61443	
61444	61445	
61446	61481	
61482	61506	
61507	61654	
61655	62041	
62042	62075	
62076	62076	
62077	62080	
62081	62086	
62087	62098	
62099	62108	
62109	62483	
62484	62484	
62485	62691	
62692	62739	
62740	62794	
62795	62837	
62838	62863	
62864	62879	
62880	62879	
62880	62885	
62886	62902	
62903	62978	
62979	62993	
62994	63007	
63008	63010	
63011	63014	
63015	63072	
63073	63074	
63075	63169	
63170	63173	
63174	63179	
63180	63198	
63199	63249	
63250	63262	
63263	63267	
63268	63281	
63282	63300	
63301	63383	
63384	63449	
63450	63452	
63453	63452	
63453	63474	
63475	63570	
63571	63570	
63571	63631	
63632	63704	
63705	63717	
63718	63784	
63785	63842	
63843	63846	
63847	64008	
64009	64163	
64164	64203	
64204	64277	
64278	64302	
64303	64308	
64309	64337	
64338	64388	
64389	64398	
64399	64426	
64427	64431	
64432	64480	
64481	64485	
64486	64541	
64542	64553	
64554	64635	
64636	64648	
64649	64650	
64651	64726	
64727	64728	
64729	64759	
64760	64800	
64801	64807	
64808	64810	
64811	64815	
64816	64817	
64818	64824	
64825	64827	
64828	64827	
64828	64886	
64887	65033	
65034	65037	
65038	65040	
65041	65043	
65044	65344	
65345	65405	
65406	65425	
65426	65431	
65432	65549	
65550	65561	
65562	65620	
65621	65646	
65647	65663	
65664	65666	
65667	66375	
66376	66378	
66379	66379	
66380	66391	
66392	66402	
66403	66406	
66407	66459	
66460	66468	
66469	66507	
66508	66702	
66703	66703	
66704	66744	
66745	67003	
67004	67036	
67037	67083	
67084	67095	
67096	67150	
67151	67206	
67207	67215	
67216	67282	
67283	67283	
67284	67506	
67507	67509	
67510	67523	
67524	67532	
67533	67538	
67539	68274	
68275	68281	
68282	68302	
68303	68319	
68320	68324	
68325	68326	
68327	68326	
68327	68345	
68346	68349	
68350	68354	
68355	68354	
68355	68466	
68467	68467	
68468	69289	
69290	69289	
69290	69319	
69320	69319	
69320	69355	
69356	69358	
69359	69379	
69380	69438	
69439	69442	
69443	69466	
69467	69469	
69470	69632	
69633	69743	
69744	69748	
69749	71106	
71107	71106	
71107	71202	
71203	71229	
71230	71238	
71239	71286	
71287	71377	
71378	76665	
76666	76671	
76672	76744	
76745	76865	
76866	76885	
76886	76912	
76913	77064	
77065	77073	
77074	77120	
77121	77227	
77228	77264	
77265	77276	
77277	77305	
77306	77306	
77307	77373	
77374	77698	
77699	77702	
77703	77708	
77709	77713	
77714	77716	
77717	77786	
77787	77807	
77808	77815	
77816	77821	
77822	77826	
77827	77885	
77886	77898	
77899	77912	
77913	77928	
77929	78072	
78073	78083	
78084	78092	
78093	78129	
78130	78134	
78135	78147	
78148	78154	
78155	78198	
78199	78371	
78372	78385	
78386	78470	
78471	78486	
78487	78578	
78579	78584	
78585	78599	
78600	78671	
78672	78717	
78718	79196	
79197	79215	
79216	79233	
79234	79355	
79356	79356	
79357	79389	
79390	80692	
80693	80711	
80712	80718	
80719	80954	
80955	80955	
80956	81017	
81018	81044	
81045	81922	
81923	81966	
81967	82026	
82027	82027	
82028	82378	
82379	82385	
82386	82392	
82393	83270	
83271	83389	
83390	83401	
83402	83403	
83404	83530	
83531	83546	
83547	83547	
83548	83986	
83987	84097	
84098	84114	
84115	84314	
84315	84325	
84326	84353	
84354	84364	
84365	84383	
84384	84384	
84385	86377	
86378	86385	
86386	86387	
86388	86393	
86394	86394	
86395	86431	
86432	86450	
86451	86468	
86469	86745	
86746	86774	
86775	86834	
86835	86847	
86848	86896	
86897	86902	
86903	86910	
86911	86911	
86912	86918	
86919	86920	
86921	86930	
86931	86997	
86998	87007	
87008	87224	
87225	87264	
87265	87274	
87275	87354	
87355	87388	
87389	87393	
87394	87547	
87548	87564	
87565	87571	
87572	87584	
87585	87613	
87614	87620	
87621	87746	
87747	87756	
87757	87782	
87783	87799	
87800	87892	
87893	88310	
88311	88311	
88312	88336	
88337	88536	
88537	88549	
88550	88737	
88738	88742	
88743	88795	
88796	88840	
88841	88850	
88851	88852	
88853	88864	
88865	88987	
88988	88994	
88995	89145	
89146	89146	
89147	89151	
89152	89153	
89154	89191	
89192	89242	
89243	89316	
89317	89327	
89328	89380	
89381	89384	
89385	89395	
89396	89407	
89408	89414	
89415	89417	
89418	89445	
89446	89496	
89497	89530	
89531	89560	
89561	89562	
89563	89563	
89564	89582	
89583	89912	
89913	89912	
89913	89924	
89925	89937	
89938	89955	
89956	89957	
89958	89962	
89963	89964	
89965	90110	
90111	90253	
90254	90265	
90266	90286	
90287	90287	
90288	90306	
90307	90315	
90316	90728	
90729	90801	
90802	90848	
90849	90855	
90856	90872	
90873	96889	
96890	97208	
97209	97228	
97229	97269	
97270	97296	
97297	97309	
97310	97320	
97321	97343	
97344	97429	
97430	97503	
97504	97530	
97531	97654	
97655	97656	
97657	97714	
97715	97715	
97716	97725	
97726	97731	
97732	97770	
97771	97770	
97771	97774	
97775	97775	
97776	97815	
97816	97843	
97844	97856	
97857	97868	
97869	98040	
98041	98057	
98058	98078	
98079	98083	
98084	98105	
98106	98118	
98119	98131	
98132	98140	
98141	98152	
98153	98167	
98168	98379	
98380	98386	
98387	98496	
98497	98526	
98527	98789	
98790	98799	
98800	98804	
98805	98996	
98997	98996	
98997	99002	
99003	102008	
102009	102028	
102029	102028	
102029	102047	
102048	102080	
102081	102150	
102151	102371	
102372	102383	
102384	102432	
102433	102484	
102485	102501	
102502	102521	
102522	102524	
102525	102531	
