 21.3500	 150
 23.7000	 500
 25.6000	 700
 26.7500	 950
 62.4500	 900
 92.2500	 950
 96.9000	 900
150.7500	 900
225.0500	 900
241.0500	 250
313.9500	 900
357.9500	 900
383.9500	 950
384.6000	 900
417.1500	 900
460.7500	 900
478.9500	 900
602.3500	 900
652.3000	 900
662.1000	 700
668.8000	 950
770.0500	 900
810.8500	 200
889.5000	 950
1122.6500	 900
1170.5000	 900
1347.8000	 950
1356.0500	 950
1367.0000	 900
1409.1000	 900
1411.4000	 950
1435.5500	 900
1454.0000	 900
1497.6500	 950
1519.8000	 900
1540.7000	 950
1561.9500	 900
1603.6000	 900
1848.7000	 950
1887.1000	 100
1888.9500	 950
1897.2000	 950
1968.0000	 950
1990.8000	 950
2089.2500	 950
2124.0000	 950
2135.1500	 950
2143.9000	 900
2229.5500	 950
2312.6000	 900
2314.3000	 800
2358.0000	 900
2372.1000	 900
2404.6000	 900
2415.2000	 950
2445.6500	 850
2477.3500	 900
2558.4500	 950
2581.9000	 950
2629.2500	 900
2630.7000	 950
2662.0500	 900
2734.4500	 950
2847.0500	 950
2884.6500	 950
2925.1000	 950
2936.5500	 950
2936.8500	 800
3028.7000	 950
3091.8000	 950
3181.5500	 900
3272.2000	 950
3403.8500	 900
3442.8000	 900
3491.6000	 900
3576.8000	 950
3625.2000	 900
3639.5500	 900
3697.4500	 900
3719.6500	 900
3726.1000	 300
3827.9000	 900
3939.8000	 950
3970.7500	 400
3988.9500	 900
4112.4000	 0
4265.5000	 950
4410.4500	 950
4454.6500	 950
4521.0000	 550
4618.6500	 750
4726.8000	 900
4890.2500	 50
4945.5000	 950
4976.9000	 900
 25.3000	 901
 61.5500	 901
 65.9000	 951
 91.1500	 901
 94.2000	 351
 95.0000	 551
 99.8500	 901
116.9000	 901
122.6500	 951
134.0000	 901
166.5500	 951
212.7500	 951
275.3500	 951
292.6500	 901
303.2500	 901
355.5000	 951
384.2500	 251
424.3500	 901
459.7500	 901
556.2000	 901
602.6000	 901
647.7000	 901
915.4000	 951
981.8000	 901
998.3500	 951
1058.7000	 651
1081.5000	 951
1082.5000	 901
1101.1500	 951
1170.5000	 951
1182.8500	 951
1202.7000	 951
1211.5500	 951
1231.6000	 951
1247.1500	 951
1368.7500	 951
1491.2500	 951
1520.1500	 901
1617.8500	 901
1626.8000	 951
1642.7500	 901
1659.6500	 951
1679.0500	 51
1891.1000	 951
2168.0500	 951
2266.6500	 901
2478.5500	 901
2517.0000	 201
2517.3500	 901
2587.8000	 901
2667.1500	 901
2726.2500	 901
2795.2000	 901
2818.5500	 901
2887.0500	 751
2888.1500	 901
2988.0500	 101
2992.8500	 901
3114.6000	 901
3338.4000	 951
3507.7500	 951
3523.0000	 951
3622.6000	 301
3690.8500	 901
3800.4000	 951
3857.7500	 951
3877.9500	 901
3941.3500	 901
3971.4500	 901
3986.2000	 901
4020.3000	 901
4107.7000	 951
4403.6500	 951
4464.4000	 951
4637.2000	 1
4680.9000	 901
4727.6500	 901
4728.8000	 951
4766.7000	 951
4798.6000	 601
 28.7500	 952
156.7000	 902
212.9500	 952
312.7000	 952
436.2500	 402
596.5000	 602
626.9000	 552
663.1500	 902
733.6500	 902
765.5500	 102
877.8500	 902
890.7500	 952
922.6500	 952
938.9000	 902
957.9000	 952
978.6000	 902
1105.7500	 952
1310.8000	 202
1508.5500	 952
1534.0500	 902
1560.9000	 902
1612.2000	 902
1629.6000	 902
1659.0000	 902
1961.2000	 952
1967.3000	 902
2013.2500	 952
2013.8500	 902
2054.3000	 952
2098.2000	 652
2118.1000	 902
2127.8500	 902
2133.8000	 352
2166.0500	 902
2266.9000	 902
2312.3500	 902
2402.1000	 902
2516.6000	 952
2594.8000	 952
2644.9000	 952
2664.7000	 52
2668.0000	 952
2702.3000	 952
2735.0000	 952
2841.5500	 902
3143.2500	 902
3197.4000	 952
3389.7000	 702
3397.0000	 602
3542.5500	 302
3545.9500	 952
3580.2500	 952
3603.0000	 952
3684.5500	 402
3696.8000	 952
3762.8000	 2
3908.6500	 902
3984.8000	 952
4140.8500	 652
4221.5500	 902
4260.2000	 902
4294.4000	 902
4300.5500	 452
4302.3000	 502
4371.5500	 902
4418.2500	 952
4470.0000	 652
4474.0500	 952
4503.3500	 952
4524.7500	 902
4569.5500	 902
4620.9000	 952
4647.0000	 952
4683.5000	 952
4721.1000	 952
4730.3000	 952
4752.9500	 952
4771.5000	 952
4836.9500	 952
4972.7500	 952
4999.9500	 952
 94.5000	 953
133.1500	 953
282.0000	 953
291.4500	 403
296.0000	 953
315.3000	 953
339.2500	 953
361.0500	 953
381.4000	 953
386.6000	 903
425.3500	 953
445.5000	 953
552.4000	 953
595.8000	 953
669.5500	 953
723.9500	 103
768.3500	 953
814.9500	 953
837.0500	 303
965.1000	 953
1021.3000	 903
1024.6500	 953
1049.1000	 953
1052.7000	 903
1078.5500	 953
1131.4500	 953
1170.0500	 953
1171.7000	 903
1185.4500	 953
1226.8000	 953
1251.3000	 953
1305.9500	 953
1350.2500	 953
1355.6500	 903
1458.3500	 953
1572.6000	 953
1616.9000	 953
1634.8000	 53
1814.5000	 953
1846.4000	 953
1848.7000	 753
1985.4500	 753
2013.2000	 953
2060.1500	 953
2165.9000	 953
2193.1000	 953
2207.2500	 953
2210.0000	 903
2244.7500	 953
2288.1500	 953
2311.2500	 953
2341.2500	 953
2354.5000	 953
2444.6500	 953
2551.5500	 903
2602.1000	 953
2631.2000	 953
2658.1500	 953
2669.0500	 953
2698.3000	 953
2730.1000	 953
2749.1000	 953
2940.5500	 953
2991.0000	 953
3045.2500	 903
3061.6500	 353
3080.0500	 953
3106.1500	 503
3142.5000	 903
3272.3500	 903
3469.0000	 953
3634.1500	 953
3693.2000	 953
3826.5000	 953
3829.2000	 903
3851.4500	 953
3868.4000	 603
3876.4000	 953
3912.9000	 903
3945.3500	 953
3968.9500	 903
4024.6500	 753
4024.7500	 953
4030.0000	 903
4195.9000	 903
4212.2000	 303
4256.1000	 953
4338.0000	 953
4397.1500	 953
4410.5000	 953
4525.9500	 653
4528.4500	 953
4725.5000	 953
4758.2000	 403
4767.6500	 953
4879.3000	 953
4932.2500	 953
4986.1000	 903
4999.8500	 953
 28.2500	 904
 31.7500	 954
 62.4500	 904
213.9000	 904
296.7500	 954
304.9000	 954
312.6000	 954
333.8000	 954
345.4500	 754
346.3000	 954
347.9000	 904
382.9000	 904
419.1000	 904
421.0500	 954
454.9000	 304
459.2000	 904
509.7500	 4
635.5500	 954
666.5000	 954
666.6500	 904
695.4000	 954
709.8500	 904
733.2000	 954
769.8500	 954
810.1500	 954
851.3000	 954
1075.6000	 504
1169.9500	 954
1206.7500	 604
1227.0000	 954
1250.7500	 954
1252.8500	 904
1336.3500	 954
1408.8500	 954
1475.3500	 954
1510.5500	 954
1518.7500	 954
1530.6500	 954
1545.7000	 954
1563.5000	 954
1584.7000	 954
1602.6000	 954
1627.2000	 954
1738.1000	 954
1770.7500	 954
1773.3000	 904
1847.4500	 904
1876.9000	 904
1891.6000	 904
2088.2500	 554
2163.8000	 454
2170.2500	 954
2198.2000	 804
2244.3000	 904
2394.1500	 854
2500.2000	 254
2551.7000	 954
2666.7500	 954
2696.1000	 954
2733.9000	 954
2751.1000	 154
2815.3500	 904
2847.4000	 904
2879.4000	 904
3106.7500	 954
3139.7500	 954
3145.4000	 904
3178.7000	 904
3191.2000	 704
3203.7000	 954
3245.8000	 904
3270.3000	 904
3344.5000	 54
3403.7500	 954
3524.6500	 954
3765.7500	 504
3768.4500	 954
4025.5500	 954
4026.7000	 404
4060.8000	 954
4102.0000	 654
4170.0500	 954
4191.6000	 754
4219.3500	 954
4230.3000	 904
4267.9500	 904
4296.1500	 954
4315.8000	 904
4669.5500	 304
4803.7500	 954
4914.3500	 904
4972.7000	 904
 97.6000	 205
192.3000	 905
344.8000	 955
426.8500	 955
501.5000	 955
515.8000	 905
596.6500	 905
744.6500	 955
761.9500	 455
841.0000	 905
960.8500	 905
1053.9000	 905
1055.4000	 955
1077.4000	 405
1077.8000	 955
1089.3000	 955
1102.8000	 955
1128.0000	 955
1168.1500	 155
1168.7500	 955
1352.0500	 905
1409.4500	 955
1433.7500	 905
1519.0500	 955
1621.7500	 605
1669.1000	 905
1696.7500	 905
1731.3000	 905
1780.5000	 905
1788.4000	 955
1819.9000	 905
1839.3000	 505
1890.9500	 955
2012.1000	 955
2014.1000	 305
2052.7000	 55
2058.4500	 905
2058.8000	 955
2121.3000	 905
2238.7000	 755
2243.3000	 955
2258.2000	 955
2265.0500	 905
2374.2500	 955
2475.5000	 905
2515.1000	 905
2530.8500	 955
2597.4500	 955
2623.2500	 955
2653.2000	 755
2670.9500	 955
2728.0000	 105
2766.5000	 955
2983.7000	 205
2991.5000	 905
3073.0000	 555
3146.4500	 855
3169.0500	 905
3198.8000	 905
3297.7000	 655
3401.7000	 905
3439.6500	 955
3495.0000	 455
3505.7000	 955
3524.0000	 955
3541.0500	 905
3588.6000	 955
3631.3000	 905
3692.4000	 905
3748.5000	 905
3765.3500	 905
3804.4000	 905
3873.9000	 955
3937.7500	 905
3972.0000	 905
3990.0500	 905
4024.6500	 955
4409.8000	 955
4418.5000	 905
4445.1500	 905
4522.6000	 905
4589.5000	 955
4775.5500	 955
4839.3000	 955
 28.0500	 956
100.9500	 956
114.6000	 956
146.9500	 956
150.6500	 306
161.7500	 956
312.4500	 906
347.6500	 956
347.8000	 906
380.9000	 906
382.6500	 956
405.1500	 956
411.4000	 756
557.1500	 956
599.7000	 956
602.0000	 906
632.1500	 956
668.0000	 956
726.9500	 956
809.4000	 956
813.8500	 906
878.7500	 956
923.9000	 956
940.1000	 956
961.3000	 956
981.7500	 956
1023.7500	 956
1129.2000	 906
1170.6000	 956
1171.2000	 906
1186.0000	 956
1204.6500	 956
1255.7000	 906
1303.0000	 956
1316.2000	 956
1352.3500	 906
1366.8000	 956
1408.4500	 656
1561.4500	 906
1606.4500	 956
1724.7000	 606
1734.5000	 556
1851.2000	 956
1891.8500	 6
1894.7500	 956
1942.4000	 956
1962.5000	 206
1968.0000	 956
2001.8500	 956
2078.1000	 956
2095.2000	 906
2122.0000	 906
2217.4500	 656
2307.3000	 906
2311.7500	 456
2400.8000	 906
2408.4000	 956
2516.4000	 906
2544.7000	 256
2596.0500	 906
2619.9000	 906
2630.2500	 956
2693.4000	 106
2965.5000	 956
2987.4500	 506
2990.7000	 956
3044.5000	 956
3058.5000	 906
3058.9000	 956
3072.1500	 956
3106.9000	 906
3185.0000	 956
3201.6500	 956
3229.4000	 956
3247.9500	 956
3267.6000	 956
3301.7000	 956
3356.4500	 706
3402.4000	 906
3442.4500	 906
3471.8000	 906
3489.3500	 906
3696.7500	 756
3747.4000	 956
3818.6500	 906
3822.8000	 56
3903.8500	 956
3913.5500	 956
3931.0500	 956
3948.8000	 906
3978.5000	 556
3992.8000	 906
4023.8500	 606
4031.8500	 906
4065.1000	 906
4107.2500	 956
4145.6500	 956
4164.8000	 956
4199.3500	 956
4229.0000	 906
4290.5000	 906
4408.9500	 356
4556.6500	 956
4607.1000	 906
4804.5000	 906
4836.2000	 6
4840.6500	 956
4974.0000	 956
4990.7500	 956
 29.2500	 907
 30.2500	 357
 91.1000	 557
215.3000	 907
248.0000	 907
344.5500	 907
634.2500	 907
766.6000	 7
772.4000	 107
810.9000	 257
828.3000	 57
878.0500	 907
943.5000	 957
1172.4000	 957
1213.6000	 957
1307.7500	 957
1404.7500	 907
1450.7000	 907
1477.9500	 307
1638.0000	 907
1659.5000	 907
1674.0500	 957
1773.1500	 457
1890.7500	 907
1929.5000	 957
2061.2000	 657
2126.9500	 807
2206.8000	 907
2253.3500	 707
2259.3500	 207
2696.1500	 957
2791.9000	 907
2793.9500	 957
2809.3000	 957
2889.4500	 957
2907.7000	 957
2918.6500	 957
2939.4000	 957
2941.9500	 907
2963.6000	 907
2970.0000	 957
3116.3000	 957
3136.1500	 107
3272.5000	 957
3305.0000	 957
3339.5500	 957
3362.5000	 957
3397.8000	 157
3436.6000	 957
3534.8500	 957
3689.2500	 957
3757.7000	 407
3823.4000	 507
3905.5000	 57
3909.1000	 957
4141.2000	 957
4227.0000	 907
4412.0000	 757
4412.2500	 907
4524.5000	 957
4774.6000	 907
4804.0500	 907
4839.9000	 907
4905.0500	 957
4930.3500	 907
4952.0000	 907
 60.7000	 508
348.2000	 958
361.6500	 958
460.9000	 908
462.4500	 958
484.8500	 958
601.3000	 258
666.2500	 958
962.0500	 208
962.7000	 908
982.8500	 908
1105.2000	 908
1200.9500	 908
1342.6500	 708
1368.2000	 958
1413.7000	 908
1637.6500	 908
1692.1000	 908
1729.8000	 908
1756.8000	 908
1767.1000	 958
1836.7000	 908
1841.8000	 858
1849.1000	 958
1849.5000	 908
1850.0500	 608
1897.7500	 908
2008.8500	 908
2038.3000	 908
2087.7000	 908
2133.5500	 958
2208.2000	 958
2312.0500	 908
2337.1000	 908
2371.7000	 958
2373.2000	 908
2733.1500	 908
2774.6000	 908
2792.0000	 908
2855.9000	 958
2942.0000	 908
2966.3500	 908
2991.0500	 908
3395.8500	 108
3398.1500	 408
3473.5000	 508
3537.0500	 658
3580.3500	 958
3644.9500	 958
3668.6000	 958
3980.5000	 908
4031.7500	 908
4108.1000	 908
4143.2000	 908
4212.6500	 908
4268.2500	 908
4364.5500	 908
4418.7000	 908
4475.8500	 858
4646.6000	 908
4682.1500	 908
4724.5000	 908
4772.4500	 908
4789.5000	 908
4801.7500	 908
4872.4000	 208
 26.7000	 909
 64.1000	 909
156.4500	 959
345.1000	 209
346.5500	 959
348.9000	 909
416.8000	 959
432.3500	 909
450.9000	 909
585.3500	 709
599.5500	 859
815.4000	 959
846.4000	 359
1003.1000	 909
1172.0000	 659
1240.8500	 159
1408.0000	 259
1517.3500	 959
1563.0500	 959
1610.2000	 959
1683.0000	 959
1846.8500	 909
1894.2500	 909
2014.7000	 909
2311.3500	 959
2440.0000	 109
2628.1500	 959
2667.7500	 959
2693.2500	 59
2698.8500	 959
2802.5500	 209
2848.8000	 959
3046.7500	 959
3143.8500	 959
3270.3500	 909
3304.8000	 909
3331.7500	 909
3340.0500	 959
3343.8500	 909
3361.5500	 909
3395.3000	 959
3402.9000	 959
3404.5500	 909
3442.6500	 909
3469.0500	 909
3580.8500	 759
3669.6000	 909
3828.3000	 959
3875.6000	 959
3899.7500	 959
3982.7000	 309
4089.2500	 759
4164.1000	 909
4197.0000	 959
4265.1000	 909
4295.5500	 959
4340.7000	 959
4369.5000	 959
4390.1500	 959
4495.4000	 709
4528.6000	 959
4537.9500	 909
4570.3000	 959
4614.1500	 959
4644.5500	 959
4721.6500	 859
4793.3500	 959
4840.3000	 909
4931.5500	 909
4934.1500	 509
4942.6000	 59
4972.9000	 959
 26.4500	 910
 61.8500	 910
156.8000	 960
274.3000	 910
297.2500	 910
311.7500	 910
443.3000	 910
507.8000	 360
512.1000	 910
533.8500	 60
668.3500	 910
814.6000	 960
815.7000	 910
980.0500	 910
1048.2500	 110
1172.3000	 910
1245.9000	 260
1340.7000	 160
1368.2500	 960
1411.3500	 960
1423.7000	 960
1454.4500	 960
1484.1500	 960
1511.1500	 960
1520.1500	 910
1560.7500	 960
1779.3000	 960
1849.9000	 960
2168.1000	 910
2307.0500	 910
2511.8000	 860
2623.1000	 860
2669.8000	 960
2733.6500	 960
2957.6500	 510
3046.8500	 910
3060.0000	 910
3061.8500	 960
3074.3500	 910
3109.9500	 910
3126.3500	 910
3265.2000	 760
3464.0500	 310
3473.4000	 960
3645.7000	 960
3657.4000	 910
3695.4000	 910
3706.0500	 910
3750.5000	 960
3893.4500	 110
3952.5500	 910
4231.8000	 360
4271.8500	 960
4402.3000	 710
4415.7500	 910
4474.2000	 910
4517.7000	 960
4531.9000	 960
4554.7500	 960
4599.3000	 960
4724.5000	 910
4767.0500	 910
4877.6000	 960
4879.6500	 910
4891.2000	 910
4905.1500	 910
 18.7000	 811
 27.6000	 511
 30.6500	 911
 95.3500	 911
133.7000	 911
159.2500	 961
194.8000	 911
210.9000	 461
380.0500	 211
383.6000	 911
423.6000	 761
463.4000	 911
512.0500	 911
539.7500	 961
589.7500	 911
596.3000	 311
601.1000	 911
609.2500	 961
627.2500	 961
726.7500	 961
770.4500	 911
777.0000	 961
807.9500	 911
840.5500	 911
872.6500	 761
878.4000	 961
922.3500	 911
975.6500	 711
1108.2000	 911
1130.4000	 911
1165.7500	 411
1172.1500	 961
1303.1500	 911
1466.4000	 911
1511.2500	 911
1519.6500	 61
1563.9500	 911
1565.2000	 861
1770.8500	 911
1820.7000	 911
1852.9000	 961
1875.0500	 961
1885.3500	 711
1947.4500	 561
1955.4500	 961
2054.4500	 961
2055.9000	 811
2119.4500	 761
2125.6500	 961
2131.7500	 911
2133.7500	 961
2170.3500	 911
2195.1500	 961
2211.5500	 911
2220.0500	 961
2245.8000	 911
2265.8500	 961
2267.5500	 911
2286.8000	 961
2306.9000	 961
2307.1000	 911
2318.2000	 911
2444.2000	 961
2518.3500	 911
2544.3000	 911
2585.4000	 911
2602.3500	 911
2668.1500	 961
2668.3500	 911
2724.9500	 961
2759.3500	 961
2793.0000	 911
2834.9500	 961
2991.5500	 961
3014.3000	 961
3027.9000	 911
3033.0000	 961
3046.0500	 911
3142.7000	 961
3143.5500	 261
3191.8500	 911
3224.3000	 911
3288.1500	 911
3320.2000	 961
3367.2500	 911
3390.9000	 911
3403.6000	 911
3404.1500	 961
3441.8500	 961
3547.4000	 911
3575.6000	 911
3588.8500	 961
3602.4500	 911
3602.6000	 961
3698.3500	 911
3727.3000	 911
3748.6500	 911
3768.1000	 911
3828.9000	 961
3977.1500	 811
3977.4000	 911
3992.1500	 911
4026.0000	 911
4049.4500	 911
4105.8500	 961
4136.2000	 911
4161.1000	 861
4162.5000	 911
4188.3500	 911
4253.3500	 961
4261.3000	 461
4263.2000	 61
4269.4000	 911
4308.5000	 911
4339.1500	 911
4340.3500	 961
4349.6500	 911
4369.7500	 911
4407.6000	 811
4409.2000	 961
4411.1000	 911
4419.1500	 911
4439.4500	 961
4456.4000	 961
4473.3500	 911
4477.3000	 961
4498.4000	 911
4504.6000	 961
4581.7000	 961
4598.4000	 961
4649.4000	 111
 19.8000	 612
 26.1000	 962
298.6500	 962
301.2000	 912
630.6000	 912
653.8500	 662
666.8000	 962
709.1000	 962
731.0500	 112
808.5000	 262
842.5000	 962
1023.4500	 962
1081.9000	 212
1304.1000	 962
1370.8000	 962
1395.1500	 962
1413.4000	 962
1416.3000	 562
1520.1000	 962
1574.9500	 962
1628.3000	 312
1639.3500	 912
1734.7000	 912
1753.0000	 912
1848.5500	 962
1949.8500	 962
1962.7500	 962
2134.9000	 962
2166.4000	 912
2190.2500	 912
2208.9000	 912
2260.6000	 712
2261.6500	 962
2293.3500	 912
2312.5000	 962
2333.3500	 962
2362.2500	 962
2372.2000	 962
2599.4000	 962
2632.8000	 962
2697.8500	 912
2736.2000	 912
2790.7000	 162
2791.3000	 912
2812.7000	 662
3070.9000	 912
3208.5000	 962
3212.3500	 462
3299.8000	 662
3305.5000	 912
3341.6000	 962
3367.2000	 912
3405.1500	 962
3439.3500	 962
3539.4500	 512
3540.0500	 912
3697.0500	 912
3761.8000	 962
3899.7500	 412
3907.4000	 962
3939.1500	 912
3952.7500	 962
3962.6500	 812
3978.3500	 912
3979.9500	 962
4004.8500	 912
4019.6000	 962
4066.8000	 962
4081.3500	 962
4100.2000	 962
4135.8000	 962
4167.4000	 912
4168.1500	 212
4197.2000	 962
4231.1000	 962
4243.7500	 962
4262.3000	 362
4263.7000	 962
4284.3000	 962
4289.2500	 662
4309.0500	 962
4400.4500	 962
4412.6500	 962
4477.9000	 962
4529.9000	 912
4555.5500	 912
4639.2500	 912
4674.9000	 912
4718.2500	 912
4800.7500	 912
4842.0000	 912
4880.6000	 962
 31.0500	 913
124.9500	 913
138.4500	 913
160.4500	 913
219.0000	 713
250.0500	 913
299.8500	 113
341.3000	 813
514.3500	 913
545.8500	 963
601.1000	 963
1100.3000	 963
1128.3500	 913
1167.2500	 913
1349.4500	 163
1456.5000	 913
1561.7000	 963
1575.4500	 963
1637.7500	 913
1669.3000	 963
1853.5000	 463
2057.9000	 963
2100.1000	 963
2402.2000	 563
2849.5000	 913
3035.0500	 913
3300.6500	 363
3305.0000	 913
3363.1000	 963
3403.4000	 913
3473.1000	 613
3523.6000	 913
3578.6000	 913
3587.2000	 763
3630.3500	 963
3692.5000	 963
3698.1000	 913
3769.6000	 913
3770.5000	 963
3816.2000	 913
3816.5000	 963
3874.2500	 963
3975.5000	 963
4231.0000	 963
4342.3000	 63
4350.0000	 963
4407.4000	 913
4481.9500	 913
4526.9000	 913
4531.3000	 813
4682.5000	 913
4793.4000	 113
4841.1500	 963
4865.1000	 963
4995.9000	 713
156.4000	 964
178.5500	 964
213.6000	 914
275.2000	 764
349.1000	 214
386.4500	 914
460.4000	 964
502.9000	 964
561.6500	 964
602.1000	 914
627.0000	 914
666.8000	 964
707.9500	 964
728.4000	 964
764.3500	 964
770.3500	 914
834.5500	 964
899.6500	 714
914.7500	 964
1000.5500	 614
1005.0500	 914
1022.9000	 914
1024.2500	 964
1063.5500	 964
1064.3500	 914
1111.1000	 914
1165.8000	 314
1409.6000	 914
1450.7500	 364
1612.6000	 964
1632.6500	 964
1663.3000	 14
1710.5500	 914
1958.6500	 864
2004.4000	 964
2091.0000	 964
2095.2000	 914
2231.7500	 964
2262.6500	 914
2343.7500	 914
2372.6500	 914
2405.6000	 914
2626.1500	 814
2733.7500	 914
2734.9500	 964
2749.8000	 914
2816.8000	 914
2841.5500	 914
2926.4500	 914
2941.8500	 914
2961.0500	 914
2985.5000	 264
2992.7000	 764
2993.4000	 964
3281.2000	 964
3336.1000	 914
3405.5000	 964
3601.6500	 914
3655.0500	 914
3813.5000	 714
3877.0500	 964
3905.9000	 964
3965.8000	 114
4026.7500	 964
4070.1500	 964
4076.5000	 164
4079.8500	 914
4096.7500	 914
4111.2000	 964
4124.8500	 964
4298.0500	 964
4339.4000	 964
4370.6500	 964
4517.1000	 64
4601.5000	 464
4676.5000	 14
4678.3500	 964
4690.1500	 914
4804.2000	 914
4838.9500	 914
4876.8500	 914
4928.6000	 914
4931.7000	 714
4932.6000	 864
4973.6000	 914
 26.9500	 915
 29.4500	 965
 74.2000	 915
 98.0000	 915
130.0000	 915
138.5000	 965
156.8000	 915
158.9500	 965
205.9000	 915
247.1000	 965
248.9000	 915
279.5500	 965
385.2500	 965
409.2000	 965
427.9000	 915
429.3000	 965
542.6000	 965
590.2500	 915
630.6500	 715
704.4000	 15
759.5000	 415
875.9000	 965
882.6000	 215
921.7500	 915
1018.5000	 965
1085.1000	 965
1115.5500	 965
1172.0000	 965
1211.6000	 965
1403.7000	 665
1407.8500	 965
1409.0000	 915
1455.1500	 915
1467.8000	 965
1490.2500	 915
1506.2000	 965
1561.2500	 965
1564.8000	 915
1696.1500	 965
1731.2000	 965
1769.0000	 915
1781.6000	 515
1848.6500	 915
1933.3500	 965
2009.0500	 265
2012.0000	 915
2014.5500	 965
2029.1500	 915
2046.5000	 915
2060.6000	 915
2076.0500	 915
2088.2500	 965
2093.6500	 915
2166.8500	 965
2256.9000	 965
2261.5500	 665
2313.0500	 965
2313.2000	 715
2359.1500	 915
2365.0000	 965
2412.0000	 915
2613.9500	 965
2662.2500	 965
2794.3000	 915
2842.9000	 915
2917.5000	 915
2942.2000	 65
3250.0000	 965
3276.3000	 965
3306.8000	 965
3312.7500	 215
3404.5000	 965
3436.6500	 865
3439.4000	 965
3570.7000	 965
3597.4000	 965
3639.8000	 965
3750.8500	 465
3902.8500	 865
4218.3500	 915
4364.5000	 965
4407.3000	 965
4409.7500	 615
4515.4500	 965
4521.7500	 415
4526.4000	 965
4557.6000	 965
4607.9000	 965
4680.5000	 815
4836.0000	 765
4906.3000	 965
4923.6000	 715
4994.0500	 815
159.0500	 966
255.0500	 916
341.4500	 566
453.1500	 416
595.4500	 916
667.0500	 916
698.7500	 466
707.5000	 966
720.6000	 116
726.3000	 916
748.3000	 916
772.0500	 916
772.2500	 216
781.5000	 916
794.1000	 916
837.7500	 916
852.9000	 966
874.6500	 916
987.4500	 666
1060.3500	 916
1166.9000	 266
1255.5000	 916
1356.0000	 916
1362.0000	 166
1411.3000	 916
1458.9500	 916
1492.8000	 916
1508.5500	 516
1555.0500	 316
1814.3500	 566
1830.3500	 916
2076.3500	 916
2132.9500	 916
2178.4000	 916
2247.6000	 916
2263.5500	 966
2265.3500	 916
2365.7000	 816
2371.2000	 916
2397.4500	 916
2423.4000	 916
2480.1000	 916
2554.7500	 766
2589.9000	 866
3080.4000	 966
3152.4500	 216
3154.2000	 916
3398.3500	 416
3399.2500	 916
3419.9500	 916
3542.7000	 916
3553.4500	 916
3568.3500	 916
3587.0000	 916
3638.1500	 916
3746.6500	 966
3765.6000	 916
3777.3500	 916
3789.0500	 966
3855.5500	 966
3900.1000	 916
3902.9500	 516
4034.0000	 966
4336.6000	 16
4416.3500	 916
4526.1000	 916
4560.6000	 766
4726.1500	 916
4948.1000	 916
 27.3000	 67
 27.6000	 967
155.7500	 967
293.6500	 917
339.9000	 917
419.8500	 617
428.1500	 967
499.1500	 917
544.8000	 867
603.6000	 917
663.5000	 867
769.0500	 917
878.3000	 967
983.7500	 917
1021.8000	 917
1127.2500	 917
1148.3500	 917
1165.6500	 167
1211.8000	 917
1250.9000	 667
1253.7000	 967
1350.2000	 717
1463.2000	 917
1516.5000	 417
1534.1000	 917
1576.5500	 917
1674.8000	 317
1681.3000	 967
1711.4000	 967
1728.6500	 967
2081.8500	 667
2089.1000	 967
2099.6500	 967
2130.1000	 967
2159.9500	 67
2165.6500	 967
2204.9000	 367
2307.7500	 467
2370.8000	 917
2400.3500	 967
2481.9500	 217
2524.6000	 967
2550.5500	 967
2554.3000	 917
2594.9000	 967
2616.2500	 967
2628.7000	 967
2633.0000	 917
2647.4000	 967
2658.3000	 967
2667.2500	 967
2696.6000	 967
2740.9500	 917
2771.7500	 917
2823.1000	 917
2848.8000	 967
2854.4000	 917
2889.6000	 917
2891.7500	 967
2902.2500	 967
2916.8500	 967
2930.8500	 967
2935.0500	 917
2979.4000	 917
2992.0000	 967
3010.6000	 917
3047.3500	 967
3185.5000	 667
3191.4500	 967
3225.2000	 967
3251.9000	 917
3290.2000	 967
3301.4000	 917
3328.0500	 917
3363.3000	 917
3403.0500	 917
3433.7500	 817
3493.6500	 917
3580.8500	 917
3597.0000	 917
3744.0000	 867
3765.4500	 917
3933.3000	 117
4077.2000	 917
4080.7500	 967
4110.3500	 917
4141.5000	 917
4166.9500	 917
4307.5500	 917
4343.2500	 567
4352.9500	 917
4577.8500	 967
4622.7500	 917
4641.7500	 917
4713.3500	 917
4728.6000	 967
4802.7000	 967
4836.9000	 967
4876.8000	 667
4903.0000	 967
 29.1500	 918
 89.6500	 918
100.3500	 918
120.5000	 918
145.7500	 918
155.4500	 918
173.6000	 968
214.2500	 918
289.3000	 968
314.2500	 918
457.9000	 268
552.1500	 918
770.6500	 968
816.9000	 968
828.5000	 918
837.9000	 968
885.4000	 968
1016.3500	 968
1044.7000	 968
1061.7500	 968
1111.2500	 968
1128.0000	 968
1165.5000	 968
1212.5000	 918
1247.6000	 968
1253.2500	 918
1334.2500	 968
1353.1000	 968
1367.1500	 968
1368.0000	 918
1403.8500	 918
1431.9500	 918
1456.4500	 918
1490.8500	 968
1517.0000	 918
1540.6500	 968
1564.9000	 918
1575.8000	 918
1670.5500	 918
1715.4500	 918
1729.7000	 968
1805.4000	 918
1821.3500	 918
1889.4000	 918
1923.3500	 968
1994.5500	 968
2093.1000	 468
2137.3500	 918
2210.8500	 918
2246.9500	 968
2303.0500	 368
2329.0000	 318
2399.0000	 918
2477.6000	 968
2517.2500	 968
2554.6500	 18
2717.6000	 968
2733.4000	 968
2792.6500	 968
2919.0000	 968
2939.8000	 918
2966.5500	 918
2968.7500	 968
2988.2500	 918
3064.4000	 968
3080.4000	 968
3143.1500	 968
3293.7500	 68
3302.6500	 968
3403.5500	 968
3439.9500	 968
3457.5500	 968
3470.7500	 968
3492.0500	 968
3528.5500	 968
3574.0000	 168
3582.7500	 918
3598.1500	 968
3692.2500	 718
3696.9500	 918
3729.5500	 918
3748.1500	 918
3768.1000	 968
3790.4500	 968
3822.9000	 518
3828.6000	 968
3830.0000	 918
3905.5000	 968
4071.5000	 968
4140.3000	 968
4140.6000	 918
4163.7500	 968
4195.6500	 968
4209.0000	 968
4224.2500	 468
4227.0000	 968
4230.1000	 918
4250.7500	 418
4365.3500	 218
4390.9000	 918
4413.8000	 368
4417.8000	 968
4418.9500	 918
4448.7000	 918
4466.1000	 968
4475.3500	 968
4488.9500	 968
4514.3000	 968
4524.1500	 968
4526.3500	 118
4545.6000	 968
4564.9500	 968
4611.3000	 968
4669.9000	 968
4679.2000	 868
4686.8500	 968
4727.8000	 918
4728.9500	 968
4770.4000	 968
4842.6000	 968
4864.1000	 968
4880.9500	 918
4971.2000	 968
 21.8500	 969
 27.4000	 819
 28.8000	 969
 65.4500	 969
 88.9500	 969
 95.1500	 919
 98.7000	 319
100.8500	 969
127.9500	 969
158.3000	 919
158.4000	 519
245.5000	 469
344.5000	 969
463.7500	 919
510.3000	 819
664.3500	 769
703.6500	 919
728.6500	 969
875.3500	 919
968.3500	 919
983.1500	 919
1250.8000	 919
1322.5000	 169
1455.3500	 369
1457.3500	 919
1483.4000	 919
1516.2500	 919
1673.4000	 669
1951.5000	 919
1999.7500	 969
2015.9500	 969
2134.0500	 919
2262.0000	 969
2265.7500	 919
2375.1000	 969
2396.9000	 969
2432.1500	 969
2475.9500	 919
2501.7500	 919
2624.1500	 869
2629.1000	 969
2667.4500	 919
2698.9000	 969
2853.7500	 819
2937.2500	 969
2992.8000	 969
3046.4000	 969
3092.0500	 969
3109.7000	 969
3231.5500	 969
3245.0000	 869
3339.1500	 969
3393.4000	 969
3623.2500	 969
3650.6000	 319
3658.0000	 19
3675.5000	 969
3700.7000	 519
3749.2500	 919
3790.3500	 969
3813.3500	 119
3977.9500	 969
3987.6000	 969
4021.3500	 219
4026.5500	 969
4029.2500	 919
4071.6000	 919
4096.1000	 969
4343.2000	 919
4369.6500	 969
4404.1000	 269
4413.8000	 969
4454.1000	 919
4468.3000	 919
4526.2000	 919
4557.9000	 919
4566.7000	 919
4616.6500	 919
4629.2500	 919
4645.3500	 969
4650.9000	 919
4672.8000	 919
4716.8500	 919
4878.0000	 919
 25.8000	 770
208.7500	 20
296.5500	 220
383.5000	 920
460.5000	 920
460.8500	 970
478.6500	 920
482.2500	 970
502.3000	 970
542.1000	 970
544.4500	 920
559.4000	 920
591.4500	 120
627.4500	 370
667.6000	 920
764.5500	 270
831.4500	 970
962.1500	 970
983.5500	 970
1000.5500	 970
1011.4500	 720
1079.9500	 970
1098.1500	 970
1122.3500	 970
1146.4000	 970
1169.5500	 920
1176.9500	 870
1203.6000	 970
1255.1000	 920
1357.9000	 920
1401.4500	 620
1604.7500	 520
1628.0000	 920
1639.2500	 970
1669.2500	 920
1750.8500	 970
1752.3000	 920
1774.7000	 920
1785.3000	 920
1889.8000	 970
2012.3000	 970
2036.8500	 970
2123.3500	 970
2133.6000	 970
2205.9000	 920
2370.8500	 670
2592.6500	 970
2662.2000	 570
2697.4500	 970
2721.3000	 20
2785.1000	 770
2796.6000	 970
2842.3500	 470
3043.7500	 920
3267.0000	 920
3356.3500	 670
3448.6000	 520
3461.8500	 920
3619.1000	 370
3622.4000	 970
3753.5000	 920
3807.1500	 920
3809.4000	 970
3822.6000	 170
4050.9500	 920
4106.1000	 970
4142.6000	 920
4163.9000	 920
4221.5500	 970
4307.5000	 970
4353.0000	 920
4370.6000	 970
4404.8000	 920
4421.3000	 970
4562.7500	 920
4613.8500	 220
4621.2000	 920
4650.5000	 920
4676.8500	 920
4677.7500	 970
4701.5000	 970
4726.3000	 970
4763.4500	 720
4804.0500	 970
4842.2000	 970
4877.2000	 120
4931.2500	 920
 28.5000	 921
 99.7000	 921
468.3000	 971
508.6000	 971
665.4500	 921
726.9500	 971
763.1000	 971
871.1000	 771
981.2500	 971
1078.9000	 871
1206.9000	 971
1210.8500	 921
1249.0000	 921
1251.3500	 971
1283.7500	 971
1295.3500	 721
1373.6000	 921
1398.8500	 121
1408.4000	 971
1408.9500	 921
1458.4000	 971
1470.8500	 971
1484.4000	 971
1505.2000	 971
1572.6500	 971
1626.0500	 971
1720.6500	 921
1790.8000	 971
1912.5500	 971
1968.7000	 921
2013.3000	 921
2131.0000	 921
2145.8500	 921
2253.3500	 221
2264.2000	 921
2373.3500	 921
2561.5000	 971
2588.6500	 971
2630.0500	 971
2655.9000	 971
2791.9000	 771
2792.8000	 921
2794.0500	 971
2895.0000	 921
2937.7500	 721
2992.7500	 921
3048.1500	 921
3110.5500	 871
3217.2000	 921
3320.5500	 971
3364.4000	 971
3437.7500	 171
3442.0500	 921
3542.1000	 971
3542.8500	 571
3595.6000	 71
3617.0500	 971
3629.0000	 971
3652.7500	 971
3761.9500	 421
3820.6000	 971
3856.2500	 971
3902.7500	 271
4027.5000	 971
4080.7000	 971
4095.6000	 971
4139.5000	 971
4202.1500	 971
4217.0500	 971
4225.5500	 871
4306.6000	 871
4413.4500	 971
4687.0000	 621
4726.4500	 971
4727.9000	 921
4760.7000	 971
4768.1500	 671
4839.2000	 971
4867.3000	 971
4895.0500	 971
4972.1500	 921
 11.2500	 572
666.4000	 972
668.0000	 922
728.3500	 922
729.7500	 972
768.4500	 922
818.3000	 122
874.8500	 922
961.0000	 972
1017.0500	 622
1048.3500	 922
1112.9000	 822
1116.9500	 972
1203.7000	 172
1210.7000	 972
1370.2500	 972
1394.2500	 972
1399.0000	 922
1556.6000	 772
1634.3000	 422
1744.3500	 922
1968.5000	 972
2014.0000	 972
2015.4000	 922
2052.7000	 972
2087.9000	 922
2127.2500	 672
2129.9500	 972
2359.4000	 772
2370.2000	 972
2450.9000	 922
2554.3500	 922
2729.3500	 22
2736.4500	 922
2772.0000	 922
2790.3000	 922
2906.0000	 972
2926.2000	 972
2950.1000	 922
2991.5500	 972
3227.1000	 972
3268.8500	 922
3302.0000	 922
3383.1000	 522
3434.8500	 822
3480.0500	 972
3489.2500	 922
3536.0000	 922
3633.8000	 922
3692.0000	 822
3692.0000	 922
3831.3000	 922
3946.5500	 872
4078.7000	 972
4112.2000	 972
4137.8000	 972
4161.0500	 972
4213.3500	 322
4304.3000	 422
4338.9500	 972
4405.8000	 972
4463.4000	 972
4472.7500	 872
4569.2000	 972
4644.2000	 922
4722.1500	 972
4729.6500	 922
4765.8500	 972
4836.6000	 922
4864.5500	 972
4873.1500	 922
4880.6000	 972
4929.2000	 872
4931.2500	 972
4945.0500	 922
4974.1500	 922
 25.0500	 973
 32.1000	 973
 61.5000	 973
 98.3500	 973
139.2000	 23
178.1000	 973
184.9500	 373
195.7500	 973
213.0500	 973
292.3500	 923
306.1500	 423
345.6500	 973
411.0000	 473
429.3500	 523
510.8000	 973
774.1500	 923
839.7000	 973
878.2500	 973
922.8000	 973
1018.7500	 823
1171.9000	 173
1172.6000	 973
1201.2000	 973
1210.3000	 973
1225.3000	 973
1253.7500	 923
1287.3000	 973
1634.7000	 723
1679.0000	 923
1679.6500	 973
1702.5000	 973
1790.9500	 973
1823.7500	 973
1851.9000	 973
1893.1000	 923
1934.7500	 323
1939.4000	 973
2013.7000	 973
2042.3000	 923
2124.0500	 773
2166.1500	 973
2438.1000	 223
2561.6000	 923
2631.2000	 923
2635.7500	 973
2700.2500	 973
2768.3500	 973
2793.6500	 973
2845.9500	 973
2893.6500	 973
2924.6500	 973
2938.0000	 973
2950.6500	 973
2988.5000	 623
3034.3000	 473
3076.8000	 923
3093.2500	 923
3118.4000	 423
3145.4500	 923
3304.8500	 923
3366.1500	 23
3388.0000	 923
3586.3500	 923
3634.7500	 523
3853.5000	 673
4023.1500	 73
4258.6000	 973
4307.8000	 973
4368.9000	 923
4409.6500	 973
4416.8000	 973
4429.9500	 973
4441.5000	 973
4459.0500	 973
4474.7500	 923
4480.1500	 973
4501.5500	 973
4535.2500	 923
4557.4500	 923
4563.8000	 773
4623.2000	 923
4647.7500	 923
4685.5500	 973
4699.2000	 923
4726.7000	 973
4784.3000	 923
4810.3500	 923
4815.6000	 973
4837.6500	 923
4866.6500	 973
4932.1500	 973
4936.7500	 923
4974.3500	 923
 27.0500	 974
 62.3000	 974
 88.0000	 974
 98.5500	 974
130.8000	 974
157.1000	 974
166.5500	 974
181.9000	 974
192.0500	 974
246.0000	 974
271.6000	 924
285.0000	 924
294.2500	 974
310.2500	 924
382.4000	 974
427.2500	 924
459.0500	 274
464.4500	 924
513.3500	 924
596.5000	 774
606.2500	 924
625.9500	 924
657.5000	 924
667.4000	 924
701.8500	 924
713.0000	 924
726.1000	 924
767.1500	 924
798.9500	 924
809.7500	 724
814.1000	 924
837.9000	 974
881.4000	 324
909.3000	 924
917.6000	 124
1003.1000	 924
1006.0000	 424
1012.6500	 24
1076.2500	 974
1102.8500	 924
1154.9500	 924
1203.1500	 924
1205.5000	 374
1271.8500	 924
1287.4500	 924
1300.5000	 924
1327.2000	 924
1458.4000	 74
1459.6500	 974
1482.5000	 974
1543.4500	 924
1703.7500	 574
1846.8000	 874
2127.4500	 474
2132.8000	 924
2206.8000	 924
2312.3000	 924
2326.0500	 924
2371.0500	 974
2401.1000	 924
2403.3500	 874
2403.5500	 974
2445.3500	 974
2459.5000	 974
2475.8000	 924
2593.1500	 724
2697.5500	 974
2792.9000	 674
2793.0000	 974
2822.6500	 924
2890.8500	 924
2939.5500	 974
2963.1500	 924
3030.5000	 924
3037.0500	 724
3120.7000	 924
3148.4000	 974
3166.3500	 974
3177.6000	 774
3195.3000	 924
3196.9000	 824
3222.3000	 924
3245.6000	 924
3263.4000	 874
3297.0000	 774
3298.8500	 924
3541.8500	 974
3626.4000	 974
3666.4500	 924
3691.8000	 924
3696.1500	 974
3726.4500	 974
3763.1500	 974
3826.3500	 974
3826.6500	 924
3865.2000	 924
3876.9500	 924
3905.7000	 974
4059.2500	 974
4072.3000	 774
4078.5500	 974
4107.7000	 24
4108.6000	 924
4134.7500	 924
4298.1000	 924
4315.3000	 924
4349.0000	 974
4360.3000	 924
4525.3000	 974
4603.8000	 874
4641.8000	 974
4726.7500	 974
4763.2500	 974
4793.5000	 974
4833.7500	 224
4833.9000	 74
4926.4500	 924
4971.9500	 774
 30.3000	 975
 64.9000	 975
102.5500	 975
150.2500	 975
169.5500	 975
202.2000	 25
287.3500	 925
408.6500	 975
443.1500	 975
541.5500	 975
595.1500	 925
605.3000	 175
630.2500	 975
796.7000	 975
843.5500	 925
877.0500	 925
877.5000	 975
893.6000	 925
899.3500	 975
922.4000	 925
1048.0000	 475
1168.6000	 925
1210.0000	 925
1251.3500	 925
1311.1000	 925
1330.9000	 975
1482.5500	 925
1634.9500	 425
1720.7000	 975
1731.0000	 925
1732.1500	 975
1747.9000	 975
1802.0000	 975
1816.7500	 975
1924.8500	 925
1954.1500	 925
1980.6000	 975
2060.4000	 975
2129.7500	 675
2168.3000	 975
2179.0500	 925
2234.4500	 925
2244.4500	 925
2261.5500	 975
2288.3500	 975
2304.4000	 725
2309.6500	 975
2325.7500	 975
2341.6500	 975
2364.4000	 975
2374.5500	 975
2398.9500	 925
2413.8000	 925
2427.0000	 975
2496.7500	 925
2515.6000	 925
2587.6500	 525
2598.4500	 925
2628.4500	 925
2649.9000	 925
2662.2000	 925
2770.2000	 925
2929.3500	 275
2934.3000	 225
2992.7500	 925
3299.8500	 725
3393.4000	 925
3394.8500	 975
3453.0500	 975
3577.5500	 625
3691.5500	 975
3730.5000	 975
3770.9000	 975
3786.2500	 975
3962.5500	 925
3973.9500	 825
4227.9000	 925
4257.6000	 425
4259.2500	 825
4294.6000	 925
4307.8500	 925
4345.8500	 925
4419.9000	 975
4592.4500	 975
4724.6500	 925
4773.5500	 925
4796.2000	 925
4836.3500	 925
 14.4000	 76
 24.8000	 976
 26.2000	 576
 66.2000	 926
247.2000	 926
261.6500	 926
275.0500	 926
314.1500	 926
339.3000	 926
508.6500	 526
511.7500	 926
526.2000	 926
600.6500	 926
668.7500	 976
669.4500	 926
812.0000	 926
875.8500	 976
942.4500	 976
1016.7000	 476
1022.6000	 926
1061.3500	 926
1077.3500	 976
1082.1000	 926
1100.8500	 976
1138.3500	 926
1171.8000	 926
1212.1000	 926
1212.8500	 976
1284.0500	 926
1328.2500	 676
1334.1500	 976
1347.3000	 926
1363.9000	 926
1369.1000	 976
1373.1500	 926
1402.8000	 926
1491.0000	 976
1537.8500	 926
1556.6500	 276
1573.2500	 926
1710.1500	 676
1771.5000	 976
1813.5500	 976
1829.9000	 626
1834.0000	 926
1847.4500	 926
1859.9500	 926
1929.8000	 926
1990.4000	 926
2016.3000	 926
2035.7000	 926
2057.4000	 926
2075.7000	 926
2128.8500	 926
2154.0500	 926
2167.5000	 926
2309.6500	 926
2473.5500	 926
2666.0500	 926
2675.6000	 926
2693.8000	 926
2715.4000	 926
2792.0000	 926
3046.2000	 926
3068.1000	 876
3074.3500	 926
3307.3000	 926
3364.0000	 926
3402.8000	 926
3432.6000	 926
3442.2000	 926
3469.9500	 926
3486.5000	 826
3495.5000	 926
3553.8000	 926
3575.3500	 926
3587.7000	 926
3604.8500	 926
3720.7500	 426
3732.3500	 926
3755.4000	 926
3831.1500	 926
3909.8500	 976
4134.6000	 676
4140.2000	 926
4165.8500	 926
4201.7000	 926
4230.5000	 976
4299.1000	 976
4342.8500	 926
4396.5500	 326
4421.9500	 926
4447.1000	 926
4457.9500	 26
4515.9500	 926
4573.8500	 776
4643.9000	 976
4675.9000	 926
4687.1000	 976
4726.7500	 976
4766.8000	 776
4841.4500	 976
 27.8000	 627
 29.1000	 927
100.7000	 927
159.3000	 927
306.6500	 427
427.9500	 927
453.6000	 927
460.2000	 577
462.1000	 927
479.2000	 927
588.5000	 977
604.0000	 977
626.8500	 977
655.0500	 977
710.4000	 977
728.0500	 977
770.8500	 977
791.4000	 977
815.6500	 927
834.2000	 877
840.1000	 977
876.1000	 927
881.5000	 677
904.5000	 927
938.2500	 927
961.9500	 77
970.6500	 927
982.4500	 977
1049.0500	 977
1124.6000	 27
1314.5500	 977
1403.6000	 327
1638.6000	 927
1730.2000	 927
1823.1500	 377
1892.8000	 977
1939.0000	 977
1941.3500	 927
1987.5500	 977
2003.3000	 977
2014.3500	 977
2016.2500	 927
2098.1000	 977
2125.6500	 927
2166.7000	 927
2168.7500	 977
2192.4500	 927
2260.7500	 927
2309.7500	 927
2313.6000	 977
2552.8000	 977
2667.0500	 927
2697.0500	 977
2719.5000	 977
2728.0500	 977
2911.0500	 527
2940.1500	 977
3142.4000	 927
3219.2000	 227
3338.7000	 827
3363.7500	 977
3389.9500	 977
3438.6000	 977
3475.3000	 977
3604.3500	 977
3626.5500	 777
3639.4500	 977
3656.1000	 927
3656.7500	 977
3688.7500	 927
3703.1500	 977
3706.2500	 927
3731.8500	 927
3740.2000	 427
3741.0500	 577
3788.2500	 977
3812.4500	 977
3857.0500	 927
3901.9000	 927
3969.6500	 927
3977.6500	 927
4006.1500	 927
4023.3000	 977
4027.9000	 277
4034.1500	 927
4080.0500	 977
4108.1500	 927
4108.8500	 977
4122.0500	 927
4184.0500	 977
4210.2500	 977
4228.7000	 977
4229.5000	 927
4277.5000	 977
4308.8500	 977
4346.4000	 927
4464.8500	 827
4503.4000	 977
4523.3000	 977
4527.3500	 927
4607.5500	 927
4684.6500	 927
4727.4500	 927
4790.9500	 927
4865.7500	 977
4967.6500	 477
184.5000	 978
203.5500	 978
289.4000	 28
463.5000	 928
501.6500	 978
551.1500	 878
555.6000	 928
588.8500	 978
603.1000	 978
661.6500	 628
667.6500	 978
704.2000	 778
710.4500	 978
757.5500	 978
770.0000	 978
816.0500	 978
840.2500	 978
921.5500	 978
1005.9500	 978
1025.9000	 978
1052.8000	 928
1062.6500	 978
1134.3500	 128
1141.0500	 978
1142.7000	 928
1276.9500	 978
1366.1000	 978
1404.4000	 928
1518.6000	 978
1560.2000	 928
1843.0000	 328
1890.8000	 878
2223.0000	 178
2281.9500	 228
2311.2500	 978
2343.2000	 928
2465.9000	 578
2481.7500	 978
2669.6500	 978
2792.8500	 978
2842.4500	 478
2886.5000	 628
3023.1500	 928
3111.8000	 278
3138.2500	 678
3339.8000	 928
3388.3500	 928
3470.6500	 978
3502.1500	 928
3530.5500	 428
3550.4500	 978
3572.6500	 978
3585.7500	 978
3636.1500	 978
3827.2500	 978
3828.8000	 928
4021.4000	 328
4080.1000	 978
4231.1000	 978
4298.8500	 728
4348.4500	 928
4362.7000	 928
4406.8500	 978
4432.6000	 978
4473.7500	 978
4475.4500	 928
4632.7500	 128
4642.0000	 978
4728.4000	 978
4766.8500	 928
4782.9500	 928
4803.2000	 928
4969.1500	 678
 23.7000	 979
 24.7000	 779
 29.8000	 929
 97.2000	 929
155.0000	 979
210.4000	 979
235.1500	 979
248.3500	 929
311.6500	 929
378.8500	 479
459.8000	 329
460.0500	 979
514.1500	 979
533.6000	 979
627.1000	 979
666.9500	 979
731.2000	 979
814.4500	 979
897.8000	 929
1053.0000	 829
1253.3000	 929
1287.3000	 929
1355.1500	 929
1586.0000	 979
1625.7000	 679
1672.7500	 929
1791.2500	 929
1815.1500	 29
1962.6500	 729
1970.3000	 979
1992.9500	 929
2003.4500	 229
2052.9500	 979
2089.9000	 929
2091.2000	 979
2135.7500	 979
2162.9000	 879
2166.4000	 929
2195.0500	 929
2235.4000	 979
2249.6000	 979
2259.9000	 979
2306.5500	 979
2311.8500	 929
2320.2000	 79
2326.4500	 929
2341.4500	 929
2366.7500	 979
2370.6000	 929
2442.9000	 979
2514.3000	 979
2555.1000	 979
2595.4000	 929
2596.4500	 979
2663.2500	 429
2842.2500	 979
2938.9000	 929
3040.4500	 679
3171.2500	 979
3195.4500	 829
3267.6000	 979
3336.0500	 979
3367.1500	 979
3441.3000	 979
3494.2000	 979
3523.1000	 979
3544.3500	 929
3694.7000	 479
3696.1000	 929
4109.1000	 979
4230.2500	 929
4267.8000	 979
4406.2000	 579
4479.9000	 929
4521.4000	 529
4559.9000	 929
4598.8000	 979
4605.9500	 929
4686.3500	 979
4691.0000	 929
4720.5000	 379
4973.4000	 929
4999.4500	 929
208.0000	 730
300.8500	 980
308.7000	 530
461.1000	 980
461.7000	 930
462.6500	 230
495.2000	 580
509.6000	 980
541.0000	 980
555.0500	 680
633.5000	 930
667.0500	 980
669.4000	 930
727.8000	 980
769.9000	 980
875.0000	 630
915.8500	 930
1098.5000	 880
1171.1500	 980
1448.0500	 780
1584.1500	 980
1638.5000	 980
1676.1000	 980
1730.4500	 30
1771.5500	 980
1836.1500	 980
1877.9500	 980
1965.9500	 930
2008.6500	 930
2026.6500	 930
2547.7000	 780
2665.3500	 280
2760.0500	 980
2788.5000	 430
2866.4500	 980
2891.5500	 980
2992.0000	 980
3113.8500	 980
3130.1000	 980
3248.8500	 980
3253.5000	 130
3283.6000	 980
3393.1000	 980
3440.7000	 930
3696.6000	 630
3702.1500	 980
3729.4500	 580
3764.2000	 980
3908.7000	 930
4161.7500	 80
4266.4500	 930
4278.0000	 980
4323.8000	 980
4410.4000	 930
4569.6500	 980
4636.9500	 980
4643.5500	 980
4676.5500	 980
4767.9000	 830
4790.8000	 980
4825.7500	 780
 20.1000	 981
 30.8500	 931
 31.6000	 981
 96.4000	 981
 98.2500	 931
106.0500	 981
212.5000	 981
273.6500	 981
422.2000	 881
451.3500	 931
456.3000	 481
460.0500	 981
513.7500	 981
533.6000	 981
627.1500	 981
663.1500	 231
666.6500	 931
666.8500	 981
702.8000	 981
703.8000	 931
709.0500	 631
726.0500	 981
758.9500	 981
768.7000	 981
771.1500	 931
814.8000	 981
875.8500	 931
889.3000	 931
924.0000	 981
975.3500	 281
1023.3000	 931
1050.1000	 931
1129.4500	 981
1164.9000	 981
1169.9500	 931
1211.9500	 931
1242.0500	 981
1255.9000	 581
1274.4500	 931
1301.5500	 931
1331.1000	 931
1346.4000	 931
1348.7500	 781
1354.5500	 931
1365.2500	 681
1369.0500	 931
1393.8500	 931
1424.6000	 931
1447.6500	 931
1484.7500	 931
1508.2500	 981
1561.4000	 981
1606.8500	 931
1612.4000	 981
1624.7500	 931
1637.7500	 931
1695.3500	 881
1712.4000	 931
1732.6500	 931
1780.8000	 981
1788.8000	 931
1927.5500	 731
2167.0000	 981
2206.0000	 981
2261.1500	 431
2309.1000	 731
2315.3000	 931
2373.1500	 931
2629.8500	 981
2646.8500	 881
2664.7500	 981
2699.2000	 981
2732.3500	 981
2771.3000	 981
2788.9000	 881
2821.7000	 981
2885.1000	 981
2892.6500	 931
2914.1500	 981
2964.0000	 831
2968.4500	 981
2992.1500	 981
2994.1000	 931
3044.6000	 981
3068.6500	 931
3305.5500	 981
3330.7500	 731
3336.2500	 931
3366.6500	 931
3538.2500	 581
3542.8500	 931
3691.6000	 181
3698.8500	 931
3774.3500	 931
3777.3500	 981
3825.7500	 781
3898.7500	 931
3906.0000	 981
3950.3500	 931
4016.9500	 381
4108.4500	 931
4166.5500	 981
4194.5000	 981
4228.0500	 931
4228.2500	 981
4305.2500	 981
4541.2500	 931
4602.9500	 931
4639.8500	 31
4658.6500	 931
4876.4500	 281
4908.9000	 81
4922.2500	 631
4927.6000	 781
4929.0000	 931
4954.5500	 981
4958.4000	 931
4976.5000	 981
4998.2000	 981
 24.3500	 582
 28.2000	 982
 46.0000	 982
 57.9000	 782
 65.7500	 982
128.4000	 832
148.9000	 982
209.3000	 982
246.3500	 982
273.5000	 982
460.3000	 982
667.9500	 932
722.3500	 632
743.7000	 932
770.6500	 32
868.8500	 932
898.0000	 932
915.5000	 932
954.2500	 482
968.4000	 982
993.8000	 982
1024.2000	 932
1057.9000	 932
1163.1000	 732
1169.9500	 982
1210.6000	 932
1277.8000	 932
1333.2000	 932
1360.7000	 782
1453.3000	 982
1460.6000	 282
1468.7000	 982
1561.8000	 982
1684.0500	 932
1702.6000	 932
1754.1500	 982
1890.9500	 982
1930.5500	 932
1991.5000	 932
1992.4500	 982
2014.5000	 932
2130.9000	 982
2131.0500	 932
2132.1000	 232
2175.1000	 982
2247.5500	 982
2317.1000	 932
2341.5000	 932
2366.8500	 332
2376.1500	 932
2444.8500	 932
2488.0500	 932
2630.2500	 932
2720.1500	 932
2750.9000	 982
2793.5500	 982
2879.2500	 932
2991.7000	 982
3057.1000	 982
3079.5000	 932
3144.6500	 932
3169.0500	 732
3174.4500	 932
3226.2000	 582
3228.5000	 932
3305.3000	 982
3337.2500	 982
3443.4500	 32
3549.1500	 932
3730.3000	 932
3749.6500	 932
3827.3000	 982
3856.7000	 982
3901.3500	 932
3937.8000	 932
3940.4500	 982
3964.9500	 982
3974.6000	 932
4028.0500	 982
4134.9500	 982
4136.1500	 832
4190.8000	 182
4338.2500	 982
4409.9500	 882
4566.6000	 932
4608.7000	 932
4611.0500	 982
4625.9500	 932
4642.3500	 932
4679.8000	 932
4700.2500	 932
4718.9000	 932
4720.0500	 782
4727.1000	 732
4727.4000	 982
4763.5500	 982
4768.4500	 932
4773.1000	 982
4792.8000	 982
4801.8500	 932
4833.0000	 982
4841.4500	 932
4929.3000	 932
 30.4000	 933
213.6000	 933
251.1500	 933
282.9000	 683
305.6500	 983
442.3000	 933
549.0500	 433
774.7500	 983
1066.4500	 33
1122.6500	 133
1251.2500	 933
1355.3500	 983
1368.4000	 933
1408.3000	 983
1455.6500	 483
1457.2000	 933
1520.6500	 933
1671.0500	 533
1702.4000	 933
1746.4500	 833
1779.0500	 933
1843.9500	 183
1846.8500	 833
1848.6500	 933
1877.8000	 983
1889.7000	 933
1906.2000	 933
1922.2000	 983
2012.8500	 333
2452.9500	 933
2549.0500	 933
2618.0500	 933
2854.2000	 983
3077.4000	 983
3112.6000	 933
3141.5500	 933
3176.1000	 983
3218.6500	 983
3224.1000	 933
3269.9500	 983
3340.4000	 933
3365.1000	 933
3579.5500	 983
3598.8000	 983
3690.8500	 983
3867.4500	 333
3935.8000	 683
4100.4000	 633
4113.0000	 933
4140.5500	 933
4166.4500	 933
4198.0000	 933
4221.1000	 133
4441.9500	 983
4594.1500	 383
4612.7000	 933
4724.9000	 933
4842.4500	 933
4882.0000	 933
4966.4500	 983
4968.5000	 183
 24.1000	 84
 92.9500	 134
 96.4000	 784
229.9000	 984
245.3500	 984
336.3000	 234
382.0000	 934
466.1000	 984
490.0500	 984
503.1500	 484
537.9000	 984
554.1500	 984
603.1500	 984
620.4000	 934
630.8000	 984
667.0000	 984
727.5500	 984
752.5500	 984
766.9000	 984
774.1500	 984
774.9500	 934
787.0000	 984
799.5500	 934
814.8500	 984
816.1500	 934
840.1000	 984
858.1500	 984
877.6000	 984
968.4500	 984
979.1500	 984
1022.3000	 984
1077.1500	 934
1148.2000	 984
1443.9000	 934
1573.2500	 984
1582.5000	 734
1620.5000	 984
1717.1000	 434
1734.1000	 984
1734.3500	 934
1889.8000	 934
1895.0500	 984
1943.5500	 984
1978.0000	 934
2011.4500	 934
2056.4000	 984
2088.2000	 334
2129.2500	 984
2139.8500	 984
2154.0500	 984
2164.7000	 984
2164.8000	 934
2196.0000	 984
2201.3000	 534
2209.0000	 984
2211.2500	 234
2246.0500	 934
2262.8500	 984
2308.2500	 734
2315.3500	 984
2334.1000	 984
2550.9000	 934
2594.7500	 984
2751.2500	 984
2855.9500	 984
2857.5500	 934
2891.1000	 934
2916.1000	 934
2943.4500	 934
2985.0000	 934
2991.3000	 984
3013.1500	 934
3043.3000	 84
3071.4000	 934
3146.1500	 984
3148.9000	 934
3164.3500	 984
3246.1000	 934
3271.6500	 984
3302.3500	 984
3584.9500	 934
3721.7500	 934
3769.0500	 734
3777.8000	 934
3829.0500	 934
4022.0000	 684
4166.0500	 984
4299.4500	 984
4341.8000	 984
4469.1500	 184
4478.8000	 934
4539.8500	 934
4568.7000	 984
4677.4000	 934
4697.5500	 984
4721.6000	 434
4727.9500	 984
4768.9500	 934
4804.1000	 984
4933.5500	 934
 30.2000	 485
 30.2000	 985
100.6000	 935
232.4500	 935
279.1000	 935
311.7500	 935
314.4000	 985
393.2500	 935
426.0500	 935
427.1000	 985
622.2000	 535
642.2500	 935
705.8500	 985
727.0500	 985
755.3500	 985
1252.0000	 985
1407.3000	 935
1421.2000	 935
1459.2500	 935
1619.2000	 685
1889.4500	 935
2009.8000	 935
2133.9500	 985
2225.7500	 935
2239.5500	 85
2395.1000	 285
2440.0000	 785
2509.8500	 985
2512.5500	 635
2759.3000	 985
2791.6000	 985
2792.7500	 185
2797.4000	 935
2819.3500	 935
2848.5000	 935
2857.8000	 835
2892.4000	 385
2916.8000	 985
3180.3500	 935
3268.3500	 985
3273.7000	 935
3294.4000	 935
3330.6000	 985
3350.3000	 985
3352.1500	 935
3364.1500	 935
3440.9000	 985
3480.2000	 985
3493.0500	 985
3537.2000	 985
3543.2500	 935
3673.4500	 135
3820.7500	 985
3828.1000	 985
3979.9500	 985
4020.7000	 985
4049.8000	 985
4138.0000	 935
4229.8000	 985
4258.5000	 935
4293.6000	 435
4469.7000	 935
4524.8500	 985
4550.2500	 685
4639.0500	 235
4677.0500	 185
4722.5000	 85
4803.5000	 985
4831.0500	 985
4831.9500	 335
4838.6500	 985
4880.8000	 985
4903.4000	 985
4933.0500	 985
4952.4500	 985
 35.7500	 436
251.1500	 236
420.6000	 986
458.4000	 86
459.3000	 986
478.8000	 986
549.1000	 986
554.1000	 936
565.5500	 986
582.5500	 986
584.9000	 936
592.8500	 936
598.9000	 986
617.4500	 986
632.6500	 986
639.7500	 936
667.3000	 936
667.3500	 986
707.2000	 936
707.5500	 986
726.0500	 736
728.8000	 986
767.5500	 986
824.3500	 936
916.2500	 936
967.1500	 936
1017.9000	 936
1052.4000	 986
1055.1000	 936
1082.4000	 986
1107.6500	 886
1170.0000	 986
1410.7000	 936
1455.2000	 986
1605.1500	 36
1752.9500	 936
1895.9000	 236
1919.0000	 936
1923.9500	 986
1939.5000	 936
1954.7500	 936
1967.7500	 936
1969.3000	 986
2096.2500	 986
2205.7500	 986
2225.6500	 986
2313.5500	 936
2372.6500	 936
2524.0000	 986
2669.8000	 986
2892.3000	 736
2992.7000	 936
3039.7500	 936
3186.6500	 936
3207.2000	 986
3219.4500	 986
3454.6000	 936
3466.7500	 586
3524.4500	 286
3687.7000	 86
3696.3000	 936
3824.2500	 986
3856.3500	 936
3907.6000	 936
3967.4500	 936
4016.3000	 936
4020.9000	 986
4028.4500	 936
4067.2000	 936
4075.6500	 986
4111.1500	 936
4111.1500	 986
4149.4000	 986
4197.7000	 986
4216.3000	 986
4256.3000	 986
4337.8500	 936
4339.4500	 336
4347.3000	 986
4406.1500	 486
4480.6500	 986
4503.3000	 986
4525.6000	 986
4545.2500	 986
4556.0500	 986
4569.4000	 986
4683.6000	 986
4683.7500	 936
4930.8500	 986
 23.0000	 937
 51.5000	 937
 95.3500	 687
155.0500	 637
155.2000	 987
212.7000	 937
213.3000	 987
217.7500	 587
251.7500	 987
293.6000	 937
382.3500	 937
461.9000	 937
514.0500	 987
667.2000	 937
714.0000	 987
764.2000	 487
775.1500	 987
794.9000	 937
835.4500	 937
924.4500	 987
1071.9500	 37
1251.6000	 987
1312.6000	 987
1368.9500	 987
1404.2500	 887
1519.1500	 937
1630.7000	 987
1712.4500	 987
1787.9000	 987
1807.9500	 437
1893.3500	 937
1965.8500	 937
1997.2500	 787
2008.0500	 737
2013.3500	 987
2336.7000	 937
2399.9000	 987
2410.2000	 987
2474.6500	 887
2507.6000	 987
2516.1000	 987
2517.4000	 287
2531.8500	 987
2546.3500	 987
2574.2500	 987
2631.1000	 987
2667.5000	 987
2756.3500	 987
2776.4500	 987
2799.4500	 187
2841.9500	 87
2846.8000	 937
2891.0000	 937
2964.3500	 937
2990.8500	 987
3014.8000	 987
3045.3000	 987
3064.7000	 987
3066.8500	 937
3079.2000	 987
3135.9500	 987
3249.9000	 937
3303.5500	 937
3438.4500	 987
3470.3500	 987
3489.6000	 987
3538.6500	 887
3545.0500	 987
3819.6500	 937
3827.4000	 937
3852.4000	 937
3872.4500	 937
3942.2500	 937
3954.3500	 237
3971.2500	 687
3984.1000	 937
4025.6500	 937
4033.5500	 987
4052.0500	 937
4111.7000	 937
4123.5000	 937
4138.5500	 937
4207.8500	 987
4261.3500	 937
4374.6500	 937
4478.6500	 987
4501.3500	 987
4567.1500	 937
4589.9500	 937
4602.0500	 487
4678.7500	 37
4832.9500	 937
 32.0000	 988
100.1500	 988
101.5000	 938
254.5000	 938
335.8000	 938
340.0500	 438
345.3500	 988
426.9500	 988
513.2000	 938
554.9000	 938
668.3500	 938
728.5500	 988
818.4000	 488
841.3000	 938
914.4500	 938
918.0500	 538
941.1000	 938
959.1500	 988
978.5000	 938
996.2000	 938
1007.4500	 938
1078.5500	 988
1119.0000	 938
1171.7000	 938
1196.9000	 988
1209.4000	 988
1226.7500	 988
1390.2000	 988
1485.1500	 88
1496.0000	 938
1517.1000	 938
1525.4500	 788
1616.0500	 588
1762.3500	 788
1846.8500	 938
2010.3000	 738
2020.1000	 988
2069.1500	 938
2090.6000	 938
2126.6500	 988
2128.7000	 938
2207.6000	 938
2262.1000	 938
2276.5000	 938
2288.5000	 938
2312.8000	 938
2371.1000	 988
2400.7500	 938
2445.7500	 988
2449.4500	 938
2490.2000	 938
2517.8500	 288
2520.0000	 938
2669.2500	 938
2938.5000	 988
2989.4500	 938
2990.1000	 988
3020.9500	 988
3021.9500	 788
3049.5500	 988
3113.0500	 988
3174.6500	 138
3402.4500	 938
3427.2000	 938
3470.1500	 938
3542.4000	 438
3546.0000	 938
3621.5500	 938
3693.4000	 638
3762.3000	 188
3764.4500	 938
3874.7000	 938
3984.0500	 938
4024.0500	 988
4031.5000	 938
4048.4500	 988
4059.4000	 938
4132.5500	 38
4226.3000	 988
4256.2500	 988
4266.5000	 988
4297.3000	 988
4373.2000	 938
4394.5000	 938
4409.5000	 938
4418.3500	 938
4454.7500	 938
4472.0500	 938
4499.3500	 938
4525.5000	 988
4526.0500	 938
4591.0500	 988
4725.7500	 938
4728.6500	 988
4798.8000	 738
4832.1000	 988
4839.6500	 988
4858.6000	 888
4899.4000	 938
4926.0000	 988
4997.0500	 588
 28.1500	 939
 90.8000	 89
186.5500	 389
316.3500	 939
460.3500	 989
517.0500	 489
708.7000	 939
839.8500	 939
1274.4500	 939
1394.2500	 289
1512.9000	 139
1715.1500	 339
1835.3000	 939
1848.8000	 939
1954.1500	 939
1987.5000	 439
2008.5000	 689
2133.3000	 939
2224.1500	 989
2264.0000	 989
2312.2500	 989
2313.6000	 939
2374.1000	 989
2473.4000	 939
2515.9500	 989
2517.3000	 939
2559.4000	 939
2593.4500	 939
2626.1500	 939
2665.1500	 939
2691.4500	 239
2724.7500	 939
2771.8000	 989
2858.0000	 989
2938.4500	 939
2967.7500	 989
3093.4000	 939
3114.5500	 939
3269.5000	 989
3332.0500	 889
3400.7000	 989
3441.9500	 939
3442.5500	 989
3455.3000	 939
3470.5500	 939
3517.7000	 939
3696.1500	 939
3737.2500	 989
3748.0500	 939
3761.6500	 939
3828.2000	 939
3898.0500	 839
3972.5500	 939
4104.7500	 889
4331.7500	 539
4475.8500	 439
4561.2000	 739
4604.4500	 989
4804.5500	 989
4838.5500	 939
4878.9500	 989
4879.9000	 939
4897.9500	 989
4922.3000	 489
4929.4000	 939
4971.2500	 939
 25.4500	 640
 30.7000	 990
 98.8000	 240
208.6500	 40
311.5500	 940
516.2000	 990
575.2500	 990
586.3000	 840
589.5000	 990
980.0500	 990
998.1500	 990
1012.4500	 990
1017.6000	 940
1114.7500	 940
1167.2000	 290
1170.9500	 940
1207.7000	 940
1253.6000	 990
1305.9000	 990
1451.6500	 140
1575.4000	 540
1679.9500	 940
1782.2500	 390
1847.3000	 940
2095.0000	 990
2115.1000	 990
2123.4000	 740
2166.7000	 940
2263.2500	 990
2367.0500	 790
2372.6500	 990
2478.1500	 990
2791.4500	 990
2810.0000	 990
2858.7000	 990
2876.4500	 990
2892.2500	 940
2950.3500	 990
2964.1500	 990
2965.9500	 940
3051.9500	 40
3179.2500	 940
3182.8500	 990
3206.0000	 190
3217.2000	 940
3237.8000	 240
3247.8500	 990
3273.8500	 990
3305.1500	 990
3340.4500	 940
3398.6500	 890
3434.9000	 490
3468.8500	 990
3599.8000	 990
3695.2500	 990
3850.8500	 290
3971.3500	 940
4002.3000	 940
4026.2000	 940
4106.0000	 940
4223.3000	 390
4295.7000	 990
4348.3500	 690
4407.6000	 990
4571.8500	 940
4598.9500	 640
4725.1000	 840
4879.9500	 990
4953.1500	 140
 28.1500	 991
 97.9000	 991
158.2000	 991
213.7500	 941
268.3000	 441
294.6500	 941
330.6500	 941
389.0500	 991
553.7000	 941
582.1000	 941
598.8000	 941
608.6000	 941
623.4000	 941
633.1000	 941
667.3500	 991
709.9500	 941
778.5000	 991
813.2000	 991
818.9000	 941
857.0500	 941
876.9000	 941
1022.9500	 991
1068.4000	 941
1082.1000	 991
1082.2000	 941
1112.0500	 941
1171.9000	 991
1212.0000	 491
1248.6500	 591
1249.5500	 791
1251.4000	 941
1369.1500	 941
1405.8500	 41
1406.4500	 941
1410.7500	 991
1435.4500	 991
1581.3000	 941
1632.2000	 941
1671.3500	 941
1719.1000	 941
1731.7000	 941
1753.2500	 941
1900.6500	 941
1943.8000	 841
1965.2500	 941
2014.5000	 941
2162.9000	 941
2205.3000	 991
2220.5000	 941
2373.4500	 991
2373.5000	 941
2427.8500	 991
2434.8000	 941
2448.7000	 941
2460.6500	 991
2469.5000	 891
2513.8500	 991
2523.4500	 991
2560.8000	 941
2595.6500	 941
2630.6500	 941
2764.9500	 691
2797.3000	 941
2940.2000	 991
3089.9000	 941
3118.4500	 941
3144.8000	 941
3183.3000	 941
3534.4500	 991
3590.8500	 991
3604.3000	 991
3764.8500	 991
3797.1500	 991
3875.6500	 991
3901.6000	 941
3905.9000	 991
4140.5000	 941
4186.5000	 991
4210.2500	 941
4222.2500	 991
4231.5000	 941
4337.4500	 991
4349.0500	 941
4399.2500	 441
4420.1500	 991
4474.6000	 991
4481.0500	 941
4600.1000	 991
4609.5500	 991
4633.9500	 991
4644.1500	 991
4676.7500	 941
4725.0000	 991
4770.3500	 991
4788.4500	 991
4833.0000	 691
4839.9000	 941
4896.2000	 941
4940.8000	 941
 27.1000	 942
104.3500	 992
153.9500	 792
246.4000	 292
246.8000	 992
420.5500	 442
425.0000	 992
442.4500	 992
494.0500	 992
539.1500	 992
560.5500	 942
581.7000	 992
593.3500	 992
665.4000	 992
668.8000	 942
730.8500	 992
759.7500	 992
817.0500	 992
886.6000	 542
891.9000	 992
922.0000	 942
965.7500	 992
1017.7500	 992
1084.8500	 992
1171.6500	 992
1252.0500	 942
1284.2000	 992
1365.5500	 342
1405.1000	 942
1408.9000	 992
1513.7500	 92
1531.3000	 942
1679.2000	 992
1724.5000	 392
1770.8000	 142
2035.0500	 992
2061.2500	 992
2089.2500	 992
2111.3000	 992
2265.4500	 992
2340.9000	 942
2444.4000	 992
2450.1000	 842
2476.7500	 992
2549.2500	 942
2592.9000	 992
2601.8500	 942
2628.9500	 992
2696.7500	 992
2698.0000	 942
2727.4000	 992
2796.3000	 992
2809.2500	 992
2931.6000	 292
2989.8500	 942
2991.4000	 992
3077.9500	 942
3117.2000	 992
3144.4000	 992
3248.5000	 992
3303.1000	 992
3389.5000	 992
3436.8500	 942
3583.2500	 942
3583.8000	 792
3732.1500	 992
3748.0000	 942
3755.3500	 992
3767.5000	 992
3798.2000	 992
3826.0000	 942
3830.5000	 992
3856.8500	 992
4013.9500	 942
4077.3500	 992
4081.2500	 942
4101.9500	 992
4140.7000	 992
4173.5500	 992
4306.4500	 942
4415.1000	 842
4527.0500	 992
4707.9000	 942
4724.5000	 942
4751.8000	 942
4769.8500	 592
4771.6000	 992
4836.0500	 992
4874.8500	 442
4878.0500	 992
4927.8000	 942
4931.8500	 992
4954.3000	 992
4967.1000	 942
4975.1500	 992
4999.3000	 942
 29.6000	 943
 97.1000	 943
100.2500	 993
192.8000	 943
257.6000	 943
314.2000	 943
346.5500	 943
417.8000	 943
512.2000	 943
517.6500	 993
551.9500	 993
558.9000	 943
561.8500	 993
580.0500	 993
594.4500	 993
605.5500	 993
653.3000	 993
665.2500	 993
667.9500	 943
729.7000	 993
736.8500	 943
777.5500	 993
814.9500	 943
836.3000	 943
893.0000	 993
915.1500	 943
915.3500	 993
1057.5500	 993
1078.3000	 943
1169.8500	 943
1246.4500	 943
1255.5500	 993
1271.3000	 943
1278.9500	 843
1292.0500	 943
1314.2000	 993
1393.7500	 943
1580.4000	 993
1584.8000	 943
1616.3500	 993
1626.5500	 943
1626.8000	 993
1639.5000	 943
1641.6000	 993
1686.3500	 943
1713.5000	 943
1722.4500	 993
1725.6000	 193
1740.7500	 993
1836.1000	 943
1849.7000	 943
1851.7000	 993
1892.8000	 943
1970.4500	 393
1991.9500	 943
2083.6500	 143
2169.0000	 643
2312.6000	 793
2372.1000	 993
2550.7000	 943
2552.6500	 993
2583.9000	 843
2592.8000	 943
2626.6000	 993
2663.6000	 693
2677.3000	 993
2697.9500	 993
2725.4500	 993
2729.0500	 243
2791.2000	 943
2794.7500	 993
2817.3000	 993
2845.2500	 993
2851.7500	 793
2882.5000	 993
2992.0000	 943
3147.6000	 993
3196.5500	 993
3224.1000	 993
3250.5500	 993
3303.0500	 943
3337.4500	 943
3391.8500	 993
3502.5000	 993
3545.3000	 993
3547.0000	 943
3547.9000	 593
3581.3000	 93
3682.5500	 943
3858.9000	 943
3963.8000	 993
4009.3500	 993
4100.9000	 543
4537.3500	 993
4562.9000	 993
4630.3000	 993
4644.4500	 993
4685.7500	 993
4730.4000	 943
4753.4000	 943
4802.9500	 943
4915.8500	 993
4927.3000	 293
4937.9500	 943
 25.2000	 994
 63.4000	 994
100.1000	 944
135.9000	 944
157.7500	 944
214.5500	 994
215.7500	 944
340.5000	 994
345.7500	 344
383.5000	 994
413.0000	 994
459.0000	 594
611.8000	 944
663.8500	 894
733.0500	 294
770.0000	 944
784.5000	 944
809.8000	 944
822.0000	 944
845.3500	 944
866.4000	 944
879.1000	 994
920.3500	 994
957.1000	 144
957.9000	 944
972.7000	 744
1008.7000	 944
1081.5000	 994
1086.0000	 944
1121.8500	 944
1168.6500	 994
1210.4000	 994
1262.4000	 944
1308.6500	 994
1316.9500	 944
1330.6500	 944
1411.6500	 944
1454.4000	 944
1582.6000	 944
1646.4500	 944
1730.0500	 944
1732.3500	 994
1772.9000	 944
1847.2500	 994
1902.5500	 944
2132.6500	 994
2207.2000	 944
2265.2000	 994
2311.3500	 944
2398.6000	 994
2423.4500	 994
2449.2500	 994
2475.8000	 994
2480.2000	 944
2546.8000	 994
2552.8500	 244
2587.1500	 944
2597.7500	 544
2733.7000	 944
2794.1000	 944
2810.9500	 944
2855.6000	 944
2872.8500	 944
2941.3000	 994
2992.8500	 944
3026.1000	 944
3077.6000	 944
3116.7500	 994
3173.9000	 944
3260.1000	 994
3273.1500	 994
3340.5500	 994
3453.2500	 994
3541.5000	 944
3544.1000	 994
3592.0000	 744
3829.0500	 944
3875.2500	 994
3908.1500	 994
3977.4500	 944
4168.4000	 994
4309.0500	 994
4343.2000	 944
4353.8500	 944
4364.0500	 694
4369.8000	 944
4411.5500	 994
4418.4000	 944
4441.5000	 944
4457.6000	 944
4593.5000	 394
4595.9000	 944
4642.6000	 244
4643.5000	 994
4772.1500	 944
4837.4000	 944
4972.9500	 944
 28.1000	 795
 31.0000	 995
102.3500	 995
141.7000	 995
159.0000	 745
213.9500	 945
242.8500	 245
250.2000	 945
253.3500	 995
274.3000	 995
303.4000	 945
314.8500	 995
348.8000	 945
363.1000	 945
377.1500	 795
414.0000	 945
427.5500	 945
461.8500	 945
507.5000	 945
597.1500	 945
602.3500	 995
622.3500	 995
633.1500	 995
652.2000	 995
666.9000	 995
693.4500	 945
699.0000	 995
713.6000	 995
730.2000	 995
768.4000	 995
876.2000	 995
908.2500	 945
964.3000	 95
1053.8500	 945
1078.3000	 995
1113.4000	 945
1170.0500	 945
1211.6000	 945
1232.0000	 945
1256.2000	 945
1274.4000	 945
1291.6000	 945
1317.8500	 945
1345.9500	 945
1403.6500	 945
1423.8000	 945
1507.8000	 45
1515.4500	 795
1518.1500	 945
1518.5500	 995
1539.4500	 945
1559.2500	 945
1574.7500	 945
1587.3000	 995
1594.3500	 945
1678.0000	 945
1699.8000	 945
1723.0500	 995
1777.3500	 945
1804.6500	 945
1825.4000	 945
1848.7000	 995
1852.4000	 945
1874.3000	 945
1885.5000	 445
1938.9500	 945
1968.1500	 945
1977.9000	 945
2044.6500	 945
2045.9000	 645
2056.9500	 945
2060.6000	 995
2075.1000	 945
2133.0000	 945
2204.3500	 995
2236.1500	 995
2314.1500	 945
2458.9500	 945
2508.3000	 595
2521.6000	 995
2565.3500	 995
2586.5500	 695
2587.1500	 995
2654.2500	 945
2663.0000	 995
2696.5500	 945
2732.8000	 945
2793.6000	 945
2794.5500	 995
2807.2500	 945
2847.4500	 945
2861.6500	 995
2888.4000	 945
2890.7000	 995
2899.2500	 945
2942.9500	 895
2966.8000	 995
2969.2000	 945
2992.4000	 945
3041.0000	 945
3111.2000	 945
3218.0500	 945
3226.8500	 945
3278.4000	 95
3336.4000	 495
3585.7500	 995
3597.8000	 945
3694.6000	 945
3698.3000	 995
3733.6500	 945
3748.3000	 945
3771.0000	 945
3816.1000	 945
3829.0000	 995
3829.1500	 945
3876.9500	 945
3898.9000	 945
3900.5500	 995
3910.6000	 945
3940.6000	 945
3951.7500	 995
4079.3000	 945
4139.3000	 945
4257.9500	 945
4268.7500	 995
4308.2500	 995
4364.1000	 995
4370.9000	 945
4409.2000	 945
4420.9500	 945
4463.2000	 945
4645.2500	 995
4883.3000	 945
4928.3500	 995
4972.9500	 945
 27.7000	 946
 62.4500	 946
146.3500	 796
292.5500	 496
458.8000	 996
462.6000	 946
508.3500	 996
516.5500	 696
537.7000	 996
667.9000	 996
822.1000	 946
837.5500	 946
956.3000	 46
1168.6500	 946
1170.7500	 996
1210.8000	 946
1211.8000	 996
1303.4000	 96
1357.9000	 946
1454.5500	 946
1786.0000	 946
1815.3000	 946
1850.5500	 946
1964.6000	 346
2401.2500	 946
2488.0000	 946
2552.7000	 946
2555.1000	 996
2594.0500	 946
2606.8000	 996
2721.1500	 546
2884.8500	 146
3107.0000	 446
3110.1000	 946
3147.2500	 946
3209.5500	 946
3219.7500	 946
3247.5500	 946
3303.9500	 946
3335.7000	 946
3353.2500	 946
3365.6500	 996
3402.8000	 946
3429.5500	 946
3535.4000	 946
3690.3000	 996
3699.8000	 946
3768.2000	 946
3811.5000	 946
3825.8000	 946
3855.7000	 946
3871.6500	 846
3871.9000	 946
3897.9500	 946
3926.1000	 946
3938.0500	 946
3960.1500	 946
4021.8000	 946
4032.1500	 946
4078.9500	 946
4107.7000	 696
4110.8500	 946
4138.4000	 946
4346.1000	 896
4401.0500	 946
4402.5500	 996
4410.1500	 946
4418.9500	 946
4455.2000	 946
4474.3500	 796
4480.1000	 946
4525.7500	 946
4626.6000	 946
4728.6500	 946
4837.6000	 946
4877.5500	 996
4879.0500	 946
4927.8000	 996
4971.6000	 946
4972.3500	 996
151.3000	 897
206.9500	 947
215.3500	 947
246.2500	 997
294.2000	 997
312.6500	 997
344.0000	 997
353.5000	 997
367.7000	 997
381.9000	 947
384.1500	 997
460.2500	 997
489.2500	 947
502.3000	 997
515.1500	 947
556.3000	 997
570.7000	 947
581.3000	 797
594.9500	 997
893.3000	 997
962.0000	 997
1131.2500	 947
1171.8500	 947
1266.7000	 697
1500.9500	 597
1559.0000	 397
1562.2500	 997
1716.2000	 947
1852.4500	 997
1891.1000	 47
1895.0500	 947
1912.4500	 947
1931.3000	 947
2022.1500	 947
2057.5500	 947
2059.8000	 997
2087.7500	 997
2105.7000	 997
2124.7500	 997
2127.4500	 447
2132.1000	 997
2144.4000	 997
2156.8500	 997
2184.8500	 997
2224.4500	 997
2248.0500	 947
2310.5500	 697
2314.4000	 997
2328.5000	 997
2371.3000	 947
2373.3000	 997
2397.9000	 997
2407.5000	 997
2444.1000	 947
2464.2500	 947
2481.0500	 997
2517.3500	 997
2537.3000	 997
2631.8000	 997
2658.2500	 147
2665.5500	 997
2696.5500	 997
2744.9000	 297
2768.8000	 347
2796.5500	 947
2849.8500	 947
2893.7500	 897
3077.4500	 897
3080.9000	 947
3303.1500	 997
3402.1500	 947
3437.9500	 997
3470.5000	 947
3473.8500	 997
3572.1500	 947
3586.3000	 947
3618.2000	 997
3630.6500	 947
3642.3500	 947
3679.2000	 997
3698.5000	 997
3718.0500	 997
3729.3000	 947
3754.4000	 997
3766.4000	 997
3815.0000	 997
3824.8000	 947
4073.2500	 197
4204.0000	 797
4339.6000	 847
4368.6000	 897
4412.1500	 547
4419.4500	 947
4479.6000	 997
4480.0000	 947
4502.2000	 947
4571.4000	 947
4879.0500	 947
4906.4000	 947
4937.7000	 947
4998.6500	 947
 18.1000	 798
 27.7000	 948
 94.9500	 648
313.5500	 948
426.5000	 948
665.5500	 998
667.1500	 948
814.0000	 948
871.0000	 48
874.8500	 998
909.2000	 248
964.1500	 948
1013.3500	 948
1022.6500	 948
1125.9500	 948
1247.2000	 548
1247.8000	 998
1385.9000	 948
1434.1500	 948
1457.2000	 948
1517.4000	 998
1567.6500	 598
1583.4000	 948
1627.3500	 998
1672.1500	 998
1702.7500	 948
1717.4500	 948
1730.8500	 948
1768.7500	 948
1954.1500	 998
2002.5500	 948
2049.4000	 348
2129.6500	 148
2226.8000	 948
2265.6000	 948
2316.0500	 998
2327.4500	 998
2342.8000	 998
2399.3500	 998
2402.3000	 948
2443.4500	 948
2542.3000	 948
2590.9000	 948
2592.0000	 698
2630.5500	 948
2690.6500	 948
2797.9000	 948
2890.7000	 948
2892.1500	 998
2906.3000	 948
3074.1000	 398
3325.5000	 648
3444.4500	 998
3586.9000	 998
3590.5000	 498
3592.0000	 948
3623.4000	 998
3673.9000	 998
3721.7000	 998
3734.1000	 948
3873.1000	 998
3876.3000	 948
3939.6000	 998
3944.1000	 598
3987.9500	 998
4024.0500	 998
4043.0500	 998
4050.4000	 948
4073.3000	 48
4104.8000	 948
4138.9000	 998
4147.7500	 198
4172.3000	 998
4194.4000	 998
4221.6000	 998
4253.5000	 998
4378.1000	 948
4446.0500	 998
4469.0500	 998
4480.2000	 998
4598.5000	 998
4646.3000	 948
4728.4500	 998
4758.9500	 998
4781.7000	 248
4830.8000	 948
4838.4000	 998
4874.2000	 948
4927.8000	 948
4929.2000	 998
4977.7500	 298
 20.5500	 499
 21.7500	 799
 24.3500	 999
 70.3500	 949
 96.0500	 949
122.8000	 949
157.7500	 949
170.8000	 349
177.5000	 949
190.8000	 949
204.4000	 999
232.7500	 999
246.0500	 949
345.1500	 999
409.1500	 849
459.2000	 999
461.8500	 949
480.3000	 999
521.6000	 999
544.0000	 149
549.3500	 999
583.6000	 999
625.3000	 999
669.8000	 999
708.1000	 999
731.6500	 949
875.5000	 999
890.4500	 999
909.0000	 649
1012.5000	 949
1012.5500	 999
1055.9500	 949
1127.1000	 999
1207.0500	 49
1210.5500	 999
1249.2500	 999
1519.7500	 999
1545.0500	 999
1559.5000	 999
1788.4500	 999
1888.4000	 949
2200.4000	 249
2369.5000	 199
2371.4500	 999
2518.9500	 699
2544.9500	 449
2769.6500	 949
2787.2000	 649
2794.4000	 949
2850.7500	 849
2859.3000	 949
3073.0500	 949
3255.3500	 849
3348.1500	 949
3391.6000	 949
3401.7500	 999
3422.4000	 999
3473.7500	 999
3506.9500	 999
3516.5500	 299
3692.4000	 99
3726.7500	 999
3801.9500	 549
3893.1000	 999
3907.0000	 999
4167.9000	 999
4227.5500	 999
4257.3500	 999
4307.1000	 999
4372.7500	 999
4406.1500	 999
4414.4000	 949
4475.8000	 999
4603.3500	 949
4642.6000	 949
4669.9000	 949
4679.5000	 999
4724.8500	 949
4927.5000	 999
4928.0500	 949
4973.1000	 999
