0
-0.0891339
-0.120961
-0.134215
-0.119439
-0.12258
-0.123713
-0.124826
-0.119497
-0.116209
-0.116973
-0.124054
-0.126603
-0.116343
-0.109049
-0.116158
-0.124446
-0.11703
-0.11441
-0.114187
-0.14219
-0.164743
-0.127875
-0.0754874
-0.039419
-0.0697582
-0.0376099
0.0266181
0.0944273
0.160119
0.246859
0.284827
0.297814
0.325385
0.286049
0.230659
0.171361
0.131072
0.085026
0.0511151
0.0135431
-0.022674
-0.0427905
-0.0553278
-0.0586999
-0.0667045
-0.0691117
-0.0732814
-0.0721084
-0.0658363
-0.064499
-0.067646
-0.0758148
-0.0910517
-0.097165
-0.103727
-0.103664
-0.0849349
-0.0369106
-0.0999598
-0.0962722
-0.101729
-0.102006
-0.0913239
-0.0487498
-0.0126322
-0.000772276
0.0257157
0.053493
0.0645759
0.0621378
0.0421365
0.0228089
0.0146862
-0.00512558
-0.0145885
-0.0144967
-0.0236167
-0.0216329
-0.029307
-0.0436198
-0.0568663
-0.0714217
-0.0637709
-0.0728635
-0.0703212
-0.0778378
-0.0842868
-0.0699455
-0.0672271
-0.0621634
-0.0532494
-0.0426844
-0.0368024
-0.0435476
-0.021782
-0.0369953
-0.045768
0.00826029
0.0342376
0.0838984
0.113712
0.123807
0.155681
0.151383
0.135534
0.0915198
0.0643665
0.045354
0.0362207
0.0176399
-0.0108708
-0.0277626
-0.0288184
-0.0322146
-0.0318182
-0.0475714
-0.0581294
-0.0631567
-0.0604993
-0.0721702
-0.0782096
-0.0882305
-0.0769347
-0.078584
-0.0501026
-0.0634964
-0.0666636
-0.0690017
-0.0710376
-0.0463197
-0.0540997
-0.045792
-0.0324396
-0.0452401
-0.0501358
-0.0311028
-0.0159163
-0.0237861
-0.0450745
-0.0436119
-0.0124763
-0.00855336
-0.0276552
-0.0267983
-0.0442991
-0.0561485
-0.0625839
-0.0584344
-0.0478521
-0.0485796
-0.0499742
-0.026208
0.0129558
0.00666056
0.00240858
-0.0151526
-0.010317
-0.004672
0.0440195
0.0747935
0.100254
0.09933
0.093844
0.0768803
0.0686833
0.0550079
0.0234794
0.00248366
-0.000132889
-0.0235725
-0.0339187
-0.0536875
-0.0541858
-0.0625699
-0.0694822
-0.069435
-0.0654204
-0.0643604
-0.0586231
-0.0492652
-0.0338021
-0.0233947
-0.0203872
-0.025082
-0.0382097
-0.0444238
-0.0453451
-0.038884
-0.0442158
-0.0526854
-0.0666254
-0.0787106
-0.0726763
-0.0633423
-0.0499458
-0.0512654
-0.0401974
-0.0201437
-0.0282936
-0.0388895
-0.042283
-0.0511271
-0.0644816
-0.0753119
-0.0633974
-0.0400307
-0.0317526
-0.0323928
-0.0555113
-0.0151478
0.0032274
0.00876232
0.013283
0.0161539
0.0413865
0.106131
0.12691
0.121051
0.118098
0.0909702
0.0496032
0.00874059
-0.00725761
-0.0101439
-0.0127742
-0.0361635
-0.050239
-0.0519956
-0.0523388
-0.0521336
-0.058915
-0.0543139
-0.0558122
-0.0659495
-0.0681039
-0.0579565
-0.0622646
-0.0630904
-0.0558018
-0.0484157
-0.0573982
-0.0549657
-0.0238373
-0.0520432
-0.0578853
-0.0918917
-0.0981108
-0.0555818
0.0060832
0.0401978
0.0663496
0.058194
0.0702177
0.0649945
0.0489067
0.0393782
0.0331184
0.0206128
0.00670665
-0.00525196
-0.0153842
-0.0147277
-0.0293113
-0.0367184
-0.0404232
-0.0462182
-0.0632593
-0.0798586
-0.0885769
-0.0927463
-0.0880742
-0.0848036
-0.0869339
-0.0755764
-0.0763212
-0.0467299
-0.0182817
-0.00799296
-0.0131321
-0.0252815
-0.0113312
0.00396228
0.000670085
-0.00255837
-0.00267679
-0.00698118
-0.0161876
-0.0279884
-0.0431114
-0.0552505
-0.0117881
-0.0301755
-0.045128
-0.0465635
-0.031772
0.00978898
0.0451404
0.0643519
0.0754916
0.0446499
0.0563854
0.044241
0.0429979
0.0369111
0.0195581
0.00105336
-0.0155125
-0.00679158
-0.0224095
-0.0364807
-0.0473609
-0.0550561
-0.0468305
-0.0196917
0.0223878
0.0357794
0.0775926
0.0734534
0.0614467
0.0422821
0.0317053
0.0200321
0.00177894
-0.0244972
-0.0372341
-0.0511725
-0.0572297
-0.0589525
-0.0602491
-0.0727838
-0.0889791
-0.104741
-0.100076
-0.0907726
-0.097386
-0.101345
-0.109056
-0.0803001
-0.0532991
-0.0579272
-0.0626769
-0.0444109
-0.0132179
-0.00626499
-0.0539395
-0.0271713
0.0444704
0.0680062
0.0871132
0.119052
0.124553
0.110937
0.0853285
0.0618326
0.0365685
0.0219529
0.00993633
0.00569012
-0.0103524
-0.0295539
-0.0210381
-0.0414582
-0.044625
-0.0417205
-0.0368838
-0.0434393
-0.0540779
-0.0408324
-0.0433382
-0.0481976
-0.0553368
-0.0614984
-0.0718383
-0.0866267
-0.0948778
-0.0933902
-0.0909986
-0.0962793
-0.106942
-0.0940985
-0.0883169
-0.0874227
-0.077969
-0.0241864
0.00077443
0.0517122
0.0825982
0.0843838
0.079235
0.0617541
0.0493339
0.0394601
0.0210919
0.0144728
0.0118427
0.00695212
-0.00115372
-0.01893
-0.0500387
-0.0694456
-0.0761935
-0.0829197
-0.0846704
-0.0948097
-0.0948402
-0.0953085
-0.0941529
-0.0770588
-0.0636002
-0.0819148
-0.0328826
-0.0861013
-0.0551885
-0.0411249
-0.0401973
-0.0338328
-0.0405378
-0.0572705
-0.0492829
-0.0478925
-0.0288123
0.00412993
0.000371
-0.00336854
-0.0152766
-0.032857
-0.0100113
-0.00157406
0.0322966
0.0573831
0.0921295
0.0757861
0.0494965
0.0341598
0.0299324
0.014693
-0.00271704
-0.0142833
-0.0292824
-0.0325038
-0.0469612
-0.0609917
-0.0695582
-0.0611837
-0.0313733
-0.0244186
-0.0370709
-0.0383585
-0.0456857
-0.052972
-0.0542777
-0.0495479
-0.0582066
-0.0470985
-0.0491012
-0.0475871
-0.0410244
-0.0408517
-0.0647997
-0.0339264
0.00452138
0.058274
0.126308
0.170324
0.178819
0.162812
0.13193
0.0995127
0.0764693
0.0604039
0.0338972
0.0169183
0.0119179
-0.0068694
-0.0366347
-0.0487511
-0.0551068
-0.068803
-0.074421
-0.0893009
-0.0711385
-0.0546629
-0.043629
-0.0404375
-0.0321613
-0.0456455
-0.0486544
-0.0610066
-0.0773947
-0.0701599
-0.0773043
-0.0665818
-0.0624742
-0.074143
-0.0726515
-0.10065
-0.0626333
-0.0642147
-0.085149
-0.0867146
-0.0738928
-0.0664202
-0.0670779
-0.0280759
0.00714174
0.0175737
0.00984894
-0.0193659
-0.0318106
-0.0319851
-0.00490913
0.0136697
0.0196676
0.0294105
0.064007
0.0676479
0.0335839
0.0896913
0.103969
0.0866641
0.0615098
0.0408166
0.0165732
0.0130188
-0.00327789
-0.0234073
-0.0410285
-0.0535078
-0.0548739
-0.0634062
-0.0794828
-0.0729784
-0.0678679
-0.0883605
-0.089886
-0.0728899
-0.0583927
-0.0502947
-0.054895
-0.048954
-0.0394659
-0.0248712
-0.0233538
-0.0377682
-0.0254155
0.0011982
0.00562721
0.000380416
-0.00685996
-0.0134136
0.000174553
-0.0317155
-0.020547
-0.0228347
0.0187499
-0.0183946
-0.00676952
0.00853154
0.01502
0.0107244
0.010133
0.0103674
0.0068861
0.00288371
-0.00588558
-0.00316897
-0.00625497
-0.014674
-0.025305
-0.0386684
-0.0574056
-0.0649256
-0.0635774
-0.0576687
-0.0578294
-0.0632311
-0.0656659
-0.0516015
-0.0573894
-0.0689577
-0.0832399
-0.10046
-0.0827161
-0.0574877
-0.0326489
-0.0253566
-0.010624
-0.0024292
-0.0111547
-0.0215749
-0.020607
-0.0198258
0.0254154
0.00307337
-0.00419482
-0.0185728
-0.0358216
0.0191621
0.0273894
0.0270974
0.0278611
0.0259117
0.050535
0.0724997
0.103416
0.101241
0.0860696
0.0760152
0.0573149
0.0359597
0.0132965
0.00628134
-0.0154722
-0.0223791
-0.0255568
-0.0302537
-0.041807
-0.0649447
-0.0737388
-0.0698319
-0.0711809
-0.0714557
-0.0751531
-0.0680257
-0.0608383
-0.0478041
-0.0559798
-0.0426285
-0.00484278
0.0164704
0.000997136
0.00529052
0.0140258
0.0168041
0.0327353
0.0400578
0.0314982
0.0182343
0.0126322
0.00761034
-0.0125612
-0.0209185
-0.0189206
-0.0334328
-0.0338572
-0.0381067
-0.0425961
-0.0443118
-0.0603927
-0.0723717
-0.0849081
-0.100113
-0.0873177
-0.0934687
-0.0756111
-0.0594008
-0.0480761
-0.0501005
-0.0442717
-0.0478889
-0.0559969
-0.0830892
-0.0796245
-0.0838796
-0.0776751
-0.0444095
-0.0300489
-0.00258993
0.108918
0.225072
0.256373
0.240038
0.193738
0.151896
0.118427
0.0818096
0.0524155
0.0350841
0.0105837
-0.0142916
-0.0362336
-0.0384775
-0.0540086
-0.0657871
-0.0737459
-0.0754354
-0.0799023
-0.0868545
-0.0842235
-0.0871652
-0.0832125
-0.0872318
-0.0993816
-0.093585
-0.096688
-0.0948483
-0.0973732
-0.0930361
-0.0931013
-0.0773186
-0.0539607
-0.061409
-0.070204
-0.0660855
-0.0623129
-0.0193272
-0.0124653
-0.00813833
0.0175378
0.0240808
0.055248
0.0675247
0.0818326
0.0468213
0.0512342
0.0400026
0.0216503
0.00482665
-0.00373564
-0.0262642
-0.0377447
-0.0392866
-0.0475739
-0.0410156
-0.0372936
-0.0313097
-0.0595065
-0.0306674
0.0122237
0.054851
0.0635268
0.0715513
0.0746587
0.0780038
0.0651454
0.0607303
0.0252575
0.00908408
0.000609669
-0.00516147
-0.0241269
-0.0321393
-0.0563418
-0.0647133
-0.0747684
-0.065129
-0.0599677
-0.0488513
-0.0537592
-0.0598877
-0.062329
-0.0659728
-0.0532495
-0.062315
-0.0608286
-0.0758455
-0.081994
-0.0698317
-0.0736529
-0.0736036
-0.0265838
-0.0189229
-0.0181923
-0.0390201
-0.0359657
0.00450797
0.0223743
0.0260745
0.0304279
0.0445057
0.0466918
0.103838
0.113864
0.130578
0.109971
0.0917359
0.0953137
0.0896263
0.0620202
0.0426208
0.0206258
0.0136114
-0.00133177
-0.00839533
-0.016223
-0.0247752
-0.03238
-0.0462009
-0.0512555
-0.0516254
-0.0612381
-0.0664861
-0.0724845
-0.0779236
-0.0795581
-0.0835222
-0.0700422
-0.0645773
-0.0522875
-0.0525246
-0.0409755
-0.0260528
-0.0352833
-0.0478074
-0.0609244
-0.055106
-0.0546236
-0.0585602
-0.0722642
-0.0700182
-0.060928
-0.0555596
-0.0447302
-0.0354733
-0.0287391
-0.0189009
0.0610609
0.109486
0.11526
0.119784
0.101996
0.0820943
0.0596536
0.0451784
0.0354329
0.0151299
0.00158909
-0.0156716
-0.0111712
-0.0524112
-0.0598282
-0.0646277
-0.0654604
-0.0708394
-0.0729891
-0.060026
-0.0299208
-0.0502514
-0.0470448
-0.0298414
-0.0251409
-0.00686964
0.0234614
0.0453586
0.0370633
0.0463171
0.0212893
0.0244555
-0.00259106
-0.0117431
-0.0294597
-0.0332566
-0.0474036
-0.0455581
-0.057557
-0.0647963
-0.0571729
-0.0606984
-0.0582379
-0.0523505
-0.0543338
-0.0655378
-0.069249
-0.0808414
-0.0774444
-0.0685832
-0.0718501
-0.0794973
-0.0733936
-0.0758543
-0.0737392
-0.0530052
-0.0513923
-0.0423959
-0.0607218
-0.0549845
-0.0175122
0.0513483
0.104697
0.128443
0.141302
0.124935
0.126655
0.0933413
0.0613724
0.0298588
-0.000156788
0.00169713
-0.0116726
-0.0241631
-0.0350252
-0.0256789
-0.026869
-0.0251349
-0.0189373
-0.0168377
-0.0238693
-0.02196
-0.0314532
-0.0212683
-0.0195406
-0.0251376
-0.0361982
-0.0492585
-0.0610282
-0.0571847
-0.0463523
-0.0541652
-0.0718986
-0.0577647
-0.0328452
-0.0249414
-0.0241169
-0.0361182
-0.0533204
-0.0532711
-0.0338082
-5.86417e-05
0.0370183
0.0241863
-0.00631258
-0.0187045
-0.0165421
0.0172926
0.0539557
0.0721235
0.0746376
0.0566644
0.0346483
0.0159545
-0.0150479
-0.039726
-0.0699901
-0.0617779
-0.065866
-0.0712404
-0.0776002
-0.0701086
-0.0729987
-0.0631755
-0.0556637
-0.0376286
-0.0263484
-0.010151
-0.00564961
-0.00451071
-0.0200523
-0.0262408
-0.0204471
-0.0327587
-0.0580042
-0.0729077
-0.0670403
-0.075038
-0.0722952
-0.0827587
-0.0882955
-0.105489
-0.0962624
-0.0714005
-0.0608828
-0.0600537
-0.0478457
-0.00560599
0.0250422
0.0255681
0.0256871
0.0362107
0.0352754
0.0425724
0.0533676
0.0438344
0.0324909
0.0184423
0.00810796
-0.0245532
-0.0144414
-0.0196265
-0.0197347
-0.0249702
-0.0145694
-0.00127353
0.0166524
0.0267286
0.0447523
0.0624642
0.0485718
0.0232477
0.00827804
-0.0182261
-0.0245378
-0.0281034
-0.0204225
-0.0310478
-0.0508944
-0.0570767
-0.0511872
-0.0438324
-0.0402264
-0.0362306
-0.0498203
-0.0578171
-0.0488692
-0.0349634
-0.0337035
-0.0752932
-0.0380935
-0.00673153
-0.00444646
-0.00435465
-0.0120606
-0.0313541
-0.0157136
-0.0276178
-0.0317868
-0.0138216
-0.0207149
-0.0162051
-0.0144651
0.0089174
0.0257851
0.0152356
-0.0132986
-0.0086395
0.00920679
0.0450841
0.0653589
0.0538553
0.0397727
0.0194985
0.00399887
-0.0167462
-0.0237827
-0.03301
-0.0404344
-0.0376272
-0.0491309
-0.0665828
-0.0612853
-0.0640206
-0.0740403
-0.0791673
-0.0931057
-0.0994496
-0.0955826
-0.0948204
-0.0917988
-0.123633
-0.10599
-0.0599017
-0.0405956
-0.0220909
0.0156341
-0.0240381
0.00381466
0.00932248
0.011431
0.0137432
0.00504264
0.0381422
0.0391268
0.0145021
0.0204637
0.0206945
0.0242574
0.0330387
0.0132687
0.0139652
0.00507836
-0.000768873
-0.00689446
-0.0139686
-0.0323628
-0.0404651
-0.0592366
-0.0770895
-0.0733133
-0.0954704
-0.0794889
-0.0367558
-0.00139127
-0.0096359
-0.0142557
0.0153387
0.0342731
0.0285952
0.0318076
0.0330241
0.0277712
0.010796
0.00290446
0.0024288
-0.00813863
-0.0211289
-0.0310538
-0.0457257
-0.0658486
-0.0815611
-0.0977594
-0.0857121
-0.0741428
-0.0567915
-0.0385527
-0.0490565
-0.0426484
-0.0512062
-0.0501995
-0.0373358
-0.0256938
-0.0264843
-0.0229226
-0.0240058
-0.0147502
-0.0044203
0.00824974
0.00862707
-0.00216595
-0.00294189
0.0043605
-0.00320439
-0.0118632
-0.015486
-0.0353085
-0.045934
-0.0520615
-0.0123537
-0.0128321
-0.00638668
-0.00988014
0.015525
0.0386161
0.0455644
0.0382585
0.0388338
0.0299063
0.03001
0.00502558
-0.0146814
-0.0280677
-0.0421964
-0.0588175
-0.0590166
-0.0506631
-0.0436588
-0.0469276
-0.0565005
-0.0686879
-0.0712156
-0.0646613
-0.0523541
-0.0324825
-0.0326398
-0.0367314
-0.0363024
-0.0483473
-0.0547539
-0.0466383
-0.0469999
-0.0458851
-0.0469774
-0.0509906
-0.05313
-0.0631948
-0.0691322
-0.0517108
-0.0776347
-0.0453463
-0.0165457
0.0268613
0.0488238
0.0755454
0.134593
0.223482
0.264471
0.260746
0.226178
0.216219
0.0634541
0.0702003
0.0275674
0.000144553
-0.0290278
-0.0484994
-0.0606738
-0.0618252
-0.053116
-0.0409506
-0.041692
-0.0452648
-0.0540494
-0.0592297
-0.0728644
-0.0820669
-0.0887096
-0.0905848
-0.100022
-0.0787763
-0.0823767
-0.0885426
-0.0838259
-0.0861837
-0.0952755
-0.0843491
-0.0809077
-0.06328
-0.0476675
-0.0524326
-0.015651
0.000119262
0.00802847
0.00241417
0.00357112
0.0502495
0.0974255
0.116371
0.110789
0.0848746
0.0617952
0.0404739
0.0152646
0.00402839
-0.00634757
-0.0147408
-0.0214151
-0.034483
-0.0470641
-0.0464714
-0.0572591
-0.0406328
-0.0293752
-0.0409329
-0.0350258
-0.0381465
-0.0350314
-0.0362087
-0.049702
-0.0505616
-0.0583137
-0.0575706
-0.0460216
-0.0607408
-0.0550447
-0.0626548
-0.0632087
-0.0618378
-0.0491675
-0.0539353
-0.0761613
-0.0745219
-0.0565375
-0.00980284
0.0130642
0.0442302
0.0996595
0.108443
0.133745
0.131953
0.129374
0.0999819
0.0700567
0.0404508
0.0191398
-0.00123645
-0.0150736
-0.0371837
-0.0414126
-0.0465097
-0.0484983
-0.0561063
-0.0746826
-0.0785922
-0.0728282
-0.0743241
-0.073536
-0.0781796
-0.0759481
-0.041951
-0.0398757
-0.0412411
-0.0275592
-0.0171639
-0.0260719
-0.0281343
-0.0406954
-0.0466367
-0.0367228
-0.0231281
-0.0229446
-0.0176618
-0.0134345
-0.0269703
-0.0312643
-0.0342349
-0.0327502
-0.0209718
-0.0791764
-0.0317721
-0.0426057
-0.0428155
-0.0587899
-0.061765
-0.0753992
-0.0625857
-0.058083
-0.0460224
-0.00881945
-0.00960945
-0.00542845
0.00719843
-0.00904511
-0.0244483
0.00209983
0.0100972
0.0139696
0.0125424
-0.00899148
-0.0112082
-0.0187569
-0.0175861
-0.0135701
-0.0152367
-0.0175201
-0.0287968
-0.044226
-0.0414902
-0.0507552
-0.0540655
-0.0598583
-0.0722379
-0.0678729
-0.059546
-0.0525754
-0.0417352
-0.0340547
-0.0362032
-0.012804
-0.0147461
-0.0152139
-0.00866251
-0.0240653
-0.0418095
-0.0504065
-0.12161
-0.0416101
-0.0422079
-0.0522012
-0.0576147
-0.0581781
-0.065552
-0.0476108
-0.0344521
-0.0318801
-0.0396991
-0.0333117
-0.00909711
0.00589449
0.0102146
0.0262464
0.0391888
0.0605661
0.0383162
-0.04675
0.0112416
0.0273799
0.0188693
-0.00834809
0.00511683
0.011619
-0.00145722
0.0390052
0.0645637
0.0758498
0.0801482
0.0577638
0.0386795
0.0443344
0.0241642
0.0141259
0.00477034
-0.00756919
-0.0215395
-0.0347106
-0.0609139
-0.0730691
-0.0727921
-0.092472
-0.090899
-0.082582
-0.083218
-0.081713
-0.0948503
-0.100811
-0.0817428
-0.0784478
-0.0766702
-0.0443092
-0.0255404
-0.01994
-0.0274549
-0.0246778
-0.043155
-0.0649095
-0.0337948
-0.0453782
-0.0219457
-0.00219022
0.0460814
0.0581248
0.0504204
0.0654927
0.099826
0.128271
0.131967
0.136597
0.113906
0.0893039
0.0615799
0.0541516
0.0300546
0.0102065
-0.0208936
-0.0348846
-0.0512481
-0.0453618
-0.0449367
-0.0395931
-0.0439377
-0.0443468
-0.0511277
-0.0520006
-0.0569592
-0.0598117
-0.074965
-0.0844665
-0.0753752
-0.058931
-0.0388619
-0.0271918
-0.023927
-0.0409329
-0.065173
-0.07315
-0.0666236
-0.0801505
-0.0723276
-0.073035
-0.0643236
-0.0652421
-0.0639154
-0.0566073
-0.0575259
-0.055736
-0.0310004
-0.0388036
-0.0417099
-0.0278909
0.0106194
0.0420863
0.0646991
0.0852915
0.0926522
0.105891
0.0867259
0.060482
0.0504932
0.045254
0.0362371
0.018647
0.00772677
-0.0127383
-0.0176056
-0.0194976
-0.0260058
-0.0270007
-0.0389806
-0.0494336
-0.057421
-0.0984164
-0.0580566
-0.0426275
-0.0475576
-0.0560755
-0.0605969
-0.0578388
-0.054585
-0.0431684
-0.0128019
-0.00402918
-0.0116003
-0.0197214
-0.0239017
-0.027549
-0.0155888
0.00133171
-0.00122398
-0.0166395
-0.0315025
-0.0425603
-0.0392598
-0.0385172
-0.0320176
-0.0331484
-0.0277299
-0.0340437
-0.0398708
-0.0337758
-0.0335724
-0.0442023
-0.0489307
-0.0455837
-0.0302972
-0.011672
-0.00694719
-0.0138146
-0.00411562
-0.0130155
-0.0205951
-0.0135801
0.0102848
0.0356579
0.0725039
0.0990277
0.11021
0.0795402
0.0657596
0.0347721
0.010095
0.00395412
0.00332129
-0.00569498
-0.0124677
-0.021726
-0.0310855
-0.0339427
-0.0329597
-0.03812
-0.0377885
-0.0390417
-0.0427949
-0.0449015
-0.0399933
-0.0490422
-0.0325113
-0.0304785
-0.0384846
-0.0118676
-0.0103314
-0.0211746
-0.0305351
-0.0383774
-0.0406506
-0.0493502
-0.0594283
-0.0600117
-0.0751266
-0.0744276
-0.0832931
-0.0874935
-0.0831387
-0.0777576
-0.0662763
-0.0412666
-0.00537731
0.0516958
0.062547
0.0756681
0.0767257
0.0457477
0.0549109
0.028987
0.00593334
-0.00770229
-0.0161969
-0.0135565
-0.00916868
-0.00674435
0.0125407
0.0263711
0.0308764
0.0205065
0.00119812
-0.0194146
-0.0343752
-0.0199506
-0.0234178
-0.00782579
-0.00186192
-0.00798241
-0.00215612
0.00432893
-0.013447
-0.0271078
-0.0401166
-0.048302
-0.0583366
-0.0494226
-0.0563251
-0.060445
-0.0600784
-0.0662479
-0.0669275
-0.0739633
-0.0767717
-0.0825382
-0.0714203
-0.0753594
-0.0612943
-0.0672126
-0.0468321
-0.0477032
-0.0481144
-0.0370421
-0.0288655
-0.0297552
-0.0219401
-0.0172979
-0.0126852
-0.0153784
0.00165118
-0.00675969
-0.0108471
-0.0248562
-0.0189766
-0.0234122
-0.0234335
-0.0348895
-0.0351507
-0.0476461
-0.000882958
0.0410625
0.0507804
0.049269
0.0488205
0.0295804
-0.0160438
0.0319736
0.0364313
0.0319791
0.0150314
0.039187
0.0545521
0.0531148
0.0414081
0.0293866
0.0256844
0.0093447
0.00145161
-0.0260099
-0.0336829
-0.0429867
-0.0494461
-0.0528574
-0.0572289
-0.0720855
-0.08239
-0.0745676
-0.0670344
-0.060597
-0.0580518
-0.0677781
-0.0806232
-0.0571167
-0.0526658
-0.0410254
-0.0234494
-0.0315145
-0.0342089
-0.0401569
-0.0393333
-0.0427547
-0.0333143
-0.0201744
0.00589851
-0.00165668
0.00440352
0.0140587
0.0052568
-0.00766391
-0.00750966
-0.0219904
-0.00117752
0.0033142
0.0142177
0.00170137
-0.000625407
-0.00541591
-0.0146122
-0.0259572
-0.0328817
-0.0275345
-0.0296806
-0.0278363
-0.0363155
-0.0271217
-0.0401327
-0.0486447
-0.0470809
-0.0495621
-0.0502213
-0.0589985
-0.0681342
-0.064476
-0.0652985
-0.059164
-0.020394
-0.0120048
-0.0235398
-0.0193174
-0.0380052
-0.0590066
-0.0567213
-0.0526557
-0.039112
-0.022789
-0.0176856
-0.0168375
-0.00645666
-0.00395682
0.0085175
-0.0111623
-0.0129877
-0.0173467
-0.000886255
-0.00955815
-0.0237804
-0.00316321
0.0145122
0.000712471
-0.0156877
-0.023355
-0.0313086
0.00561281
0.0422398
0.0666212
0.050945
0.0680659
0.0634916
0.0524258
0.0498031
0.0356605
0.0126115
-0.00641197
-0.0156596
-0.0302269
-0.0422921
-0.0528611
-0.0458159
-0.0445968
-0.0430147
-0.04078
-0.048139
-0.0572411
-0.0541844
-0.0431641
-0.0208508
-0.00904646
-0.0102457
-0.0224948
-0.0366047
-0.0332609
-0.0444893
-0.0390609
-0.0685816
-0.0522139
-0.0451899
-0.0451827
-0.0500648
-0.0456069
-0.0510374
-0.0478791
-0.0419862
-0.0316725
-0.0105364
0.0196465
0.0313378
0.0186158
0.0170741
0.0187045
0.0127093
-0.00725414
-0.0125568
-0.0028336
0.00557748
0.0024779
-0.0209937
-0.0412077
-0.0451243
-0.054821
-0.0351881
-0.0315994
-0.0052793
0.0112144
0.025126
0.032005
0.0133729
-0.00272679
-0.0244076
-0.0264273
-0.0369933
-0.0383132
-0.0424371
-0.0439593
-0.0596432
-0.058878
-0.057533
-0.0564797
-0.0480754
-0.066216
-0.0479902
-0.0436815
-0.045469
-0.0553532
-0.0668809
-0.0652154
-0.0852873
-0.0538511
-0.0245943
-0.0174692
-0.00777931
-0.0122842
-0.0282266
-0.0293279
-0.0278669
-0.0242632
-0.0267975
-0.029338
-0.020224
-0.0272856
-0.0202304
-0.0149733
-0.0475485
-0.036843
-0.0453488
-0.0454358
-0.0400125
-0.0429565
-0.0447173
-0.0215597
0.00175575
-0.00194721
0.0130074
0.00272629
-0.0240357
-0.0351679
0.0104193
0.0179238
-0.0113759
-0.00565625
0.0618875
0.0792508
0.11479
0.146439
0.132028
0.129282
0.129004
0.123816
0.0888254
0.050532
0.0281309
0.000119014
-0.010029
-0.016444
-0.0311637
-0.0410377
-0.0506827
-0.0647746
-0.0724634
-0.0806711
-0.0878296
-0.0935102
-0.0931983
-0.0870767
-0.0817651
-0.0906202
-0.0959517
-0.0922086
-0.081684
-0.063711
-0.0690871
-0.040208
-0.0159337
-0.00923307
-0.0226067
-0.0480554
-0.0765335
-0.116087
-0.0465815
-0.049274
-0.0357331
-0.0442619
-0.0196108
-0.00457412
0.0909193
0.112553
0.116659
0.124844
0.112743
0.134473
0.104509
0.0816892
0.0619625
0.0449429
0.0248428
-0.00374883
-0.0149696
-0.0292306
-0.0419268
-0.0499259
-0.0543498
-0.0567395
-0.0562939
-0.0592721
-0.0539916
-0.0667097
-0.0454114
-0.0417036
-0.0552313
-0.0541673
-0.0625519
-0.0721472
-0.0543242
-0.0638753
-0.064646
-0.0666986
-0.0598944
-0.0344676
-0.0281464
-0.067804
-0.018302
-0.00676398
-0.00653837
-0.00177421
0.00882728
0.0135051
0.0255431
-0.00566323
-0.0115148
-0.0247785
-0.0346082
-0.0381454
-0.0299978
-0.0105322
-0.00893354
-0.0117207
-0.0139406
-0.00702239
-0.00711065
-0.0243047
-0.0391938
-0.0451587
-0.0413106
-0.0303614
-0.034319
-0.0322871
-0.0322011
-0.0289108
0.00402392
0.0112748
0.00908517
-0.00771208
-0.0225717
-0.0283584
-0.0478451
-0.0142315
-0.00420284
-0.00956452
-0.00717013
0.00771972
0.00715812
0.0311896
0.0412658
0.0519362
0.0518164
0.0382708
0.0188802
0.00545205
-0.0210363
-0.0294346
-0.0191547
-0.0105555
-0.0211654
-0.0334359
-0.0218656
-0.0378814
-0.0459301
-0.0380482
-0.0906425
-0.111007
-0.0910265
-0.0827675
-0.0763844
-0.0784261
-0.0624572
-0.0370803
-0.00582633
0.0110254
0.0160671
-0.000426708
-0.0130188
-0.0268618
-0.0344619
-0.0348998
-0.0443946
-0.0597159
-0.0156373
0.00327093
0.00631063
-0.00439114
-0.0128139
-0.014768
-0.00651457
0.0288601
0.0354823
0.0209982
0.0322927
0.0833956
0.123026
0.123345
0.1154
0.0910166
0.0635884
0.0441103
0.0217268
-0.00635803
-0.0133659
-0.0306147
-0.0343214
-0.0358722
-0.0493531
-0.0533473
-0.05093
-0.0561584
-0.0566584
-0.0694011
-0.0656506
-0.0692711
-0.0707027
-0.0656145
-0.0591469
-0.0550398
-0.0442031
-0.0466005
-0.0617543
-0.049529
-0.0355766
-0.0558084
-0.0394
-0.0399985
-0.02463
-0.0513558
-0.0183024
-0.0261027
-0.0546361
-0.0304684
-0.00694523
0.0157364
-0.00790969
-0.0136646
0.000343645
0.00673635
0.00577703
0.0293955
0.0640216
0.0573655
0.0448703
0.0355076
0.0180886
-0.00238944
-0.0317801
-0.0342985
-0.035397
-0.0388743
-0.0431333
-0.052964
-0.0595721
-0.0477687
-0.0656847
-0.0435235
-0.0156929
-0.0107531
-0.0112247
-0.0251436
-0.0304226
-0.0335111
-0.0437496
-0.0424649
-0.0523451
-0.0696387
-0.0605735
-0.0176204
0.00677772
0.0325018
0.0469366
0.0563882
0.0444039
0.0266208
0.0286496
0.031334
0.0391968
0.0239635
0.0210008
0.0256619
0.00594809
0.000204157
-0.0153146
-0.022588
-0.0221826
-0.0202005
-0.0156397
-0.0267646
-0.0451445
-0.0542316
-0.0620011
-0.0564546
-0.0480858
-0.060119
-0.0660165
-0.0617411
-0.0652435
-0.0601629
-0.0553389
-0.053165
-0.0672282
-0.0470207
-0.068191
-0.0474779
-0.0365655
-0.0242426
-0.00266346
-0.00750995
0.0491349
0.0674677
0.0785165
0.0728869
0.0898237
0.126904
0.119287
0.108248
0.0892817
0.076148
0.0473605
0.033893
0.0214883
0.00480191
-0.0120607
-0.0343639
-0.0374806
-0.038951
-0.044785
-0.0504491
-0.0486816
-0.0609529
-0.0641114
-0.0803694
-0.0916738
-0.0959175
-0.091839
-0.0947053
-0.0800649
-0.058746
-0.0659358
-0.0647277
-0.074891
-0.111211
-0.0879737
-0.0551346
-0.0518801
-0.0194816
0.0430287
0.100299
0.109417
0.100991
0.0888127
0.0632114
0.0380474
0.019261
0.00786328
0.00233076
-0.00348515
-0.0108554
-0.0136983
-0.0200853
-0.0341798
-0.0364009
-0.0354834
-0.0432982
-0.0388559
-0.0394168
-0.0422754
-0.056684
-0.0594392
-0.0434314
-0.0367538
-0.0423481
-0.0411571
-0.0495261
-0.0447523
-0.0347415
-0.0481059
-0.0333139
-0.0398336
-0.0640459
-0.0661419
-0.0703897
-0.0736324
-0.0675873
-0.0511945
-0.0275824
0.0104649
0.0665291
0.0696414
0.0668525
0.0632549
0.0715631
0.0544728
0.0349573
0.019578
-0.00298723
-0.023188
-0.0360694
-0.053342
-0.0412395
-0.0183415
-0.0322865
-0.0215379
-0.0339418
-0.029767
-0.0223222
-0.00723765
0.00128797
-0.0143142
-0.0235377
-0.0429137
-0.0428778
-0.0288731
-0.0239725
-0.0228197
-0.0253481
-0.0392086
-0.0323711
-0.0249092
-0.0391362
-0.0478216
-0.0672098
-0.0569253
-0.03432
-0.0173115
-0.0148363
0.00335885
0.0288659
0.0235502
0.0231115
0.00423037
-0.00750941
-0.011119
-0.0285901
-0.0287349
-0.0321843
-0.0383772
-0.0581191
-0.0536515
-0.03227
-0.012773
0.0155842
0.0478607
0.0748019
0.0799095
0.111428
0.104303
0.0929595
0.0601887
0.0383916
0.020461
-0.000289168
-0.0158632
-0.0343716
-0.0460218
-0.0495329
-0.0459902
-0.0501706
-0.0677117
-0.0779157
-0.076251
-0.0790767
-0.0804018
-0.0904511
-0.0998999
-0.106438
-0.114485
-0.0947315
-0.0674785
-0.059941
-0.0637122
-0.0728642
-0.0705643
-0.0567149
-0.0607205
-0.0787279
-0.0676514
-0.0678211
-0.0704498
-0.0663758
-0.0658831
-0.0807758
-0.0936166
-0.0968872
-0.104634
-0.104382
-0.133479
-0.0178744
0.0188455
0.0108923
0.0709564
0.172272
0.207569
0.215812
0.190054
0.168845
0.138415
0.112613
0.073835
0.0645795
0.0494335
0.030831
0.00158289
-0.0124462
-0.0152193
-0.0274339
-0.0343932
-0.0195974
-0.00630061
-0.0146938
-0.0359601
-0.0489286
-0.0656847
-0.0657541
-0.0687643
-0.0713432
-0.0537213
-0.0484758
-0.0461526
-0.0577742
-0.0470622
-0.00960065
0.000953006
0.00149724
-0.00902891
-0.0265884
-0.02802
-0.0265579
-0.0352474
-0.0483697
-0.050846
-0.051048
-0.0588021
-0.063936
-0.0666906
-0.0770003
-0.0779585
-0.0809554
-0.0638785
-0.0636393
-0.0605564
-0.0592657
-0.0529507
-0.0757744
-0.090692
-0.0417501
-0.00884421
-0.0187036
-0.0308256
-0.0263089
0.0250759
0.0795254
0.136053
0.168236
0.171325
0.150728
0.127896
0.0906395
0.0678416
0.0427588
0.0138461
-0.0153471
-0.0316433
-0.0490405
-0.0664482
-0.0631315
-0.06709
-0.0791289
-0.0833218
-0.0870571
-0.0874479
-0.092558
-0.0894632
-0.076705
-0.0788923
-0.0774235
-0.084799
-0.066517
-0.024225
-0.00297481
0.0407569
0.0540657
0.0809209
0.0716041
0.0505902
0.0328277
0.0197151
0.0063595
0.00916864
0.0150366
-0.0036458
-0.0175332
-0.0232821
-0.026808
-0.0192735
-0.0334454
-0.0376823
-0.0411053
-0.050758
-0.0586519
-0.0625898
-0.0600426
-0.0593884
-0.0470708
-0.0441745
-0.0464371
-0.0463719
-0.0412624
-0.0337863
-0.0410775
-0.0516656
-0.0590504
-0.0692953
-0.0678037
-0.0591348
-0.0445454
-0.0618381
-0.125909
-0.0739856
-0.04966
-0.0408089
-0.0493873
-0.058721
-0.0228302
0.036735
0.0584297
0.0627112
0.043727
0.017632
0.0246258
0.0173043
0.0038119
0.00263645
0.000369087
-0.0184657
-0.0306081
-0.038326
-0.050145
-0.033517
-0.0284631
-0.0334435
-0.0317513
-0.0333191
-0.0390182
-0.0375528
-0.0480524
-0.0488715
-0.0551168
-0.0505548
-0.0504619
-0.0647117
-0.0705653
-0.0847898
-0.0442837
-0.0244059
0.0129726
0.0260051
0.0420102
0.0466262
0.0310259
0.0556322
0.0592155
0.0402066
0.0265884
0.0163682
0.00358769
-0.0143834
-0.0138444
-0.0200725
-0.0344973
-0.039894
-0.0398811
-0.0413885
-0.0411934
-0.0379747
-0.0479034
-0.0447037
-0.054293
-0.0678899
-0.0733451
-0.0732949
-0.0639684
-0.0611082
-0.0592444
-0.0549332
-0.0596198
-0.0580362
-0.0538232
-0.0521467
-0.0575148
-0.0669111
-0.0607605
-0.0603199
-0.0616944
-0.0542722
-0.0634434
0.0288321
0.0937501
0.10295
0.0834063
0.0600481
0.0489819
0.0334442
0.0236124
0.0133621
0.000473776
-0.0126203
-0.0233316
-0.034065
-0.0691988
-0.0342656
-0.026815
-0.0409383
-0.0442768
-0.052617
-0.0537011
-0.0621734
-0.0617785
-0.063298
-0.0691199
-0.0789614
-0.0779984
-0.0808301
-0.059966
-0.0327058
-0.0376643
-0.0313543
-0.0232602
-0.0191934
-0.00732501
0.00184605
0.0274012
0.044728
0.0619241
0.072211
0.0805551
0.0751062
0.0542652
0.0420391
0.033901
0.0202092
0.0206118
0.0118194
-0.0157511
-0.0281661
-0.0341947
-0.0477893
-0.064076
-0.0605953
-0.0642744
-0.0828787
-0.0876772
-0.0836355
-0.0824831
-0.0815976
-0.0818048
-0.0850491
-0.0825768
-0.0834307
-0.0758765
-0.0771836
-0.0725773
-0.0598138
-0.0620753
-0.0828717
-0.0553016
-0.0344718
-0.011891
0.00185314
-0.0152232
0.000920336
0.0145412
0.0370869
0.0519178
0.0749794
0.0961284
0.0737597
0.0726981
0.0621608
0.0433478
0.0228069
0.0288633
0.0291025
0.00818221
-0.00409632
-0.0164296
-0.016011
-0.0305086
-0.0490156
-0.070858
-0.0784602
-0.0837186
-0.0850064
-0.0728187
-0.0636627
-0.0622432
-0.065676
-0.0599379
-0.0571416
-0.0515675
-0.0389568
-0.0554353
-0.0613589
-0.0480422
-0.0519772
-0.0346143
-0.0261572
-0.0225667
0.0130718
0.0507213
0.103421
0.111248
0.108034
0.0988029
0.0715854
0.0660988
0.0455675
0.0245708
-0.00286695
-0.0122505
-0.025019
-0.0325609
-0.0403481
-0.0450948
-0.0543655
-0.0666138
-0.0680965
-0.0737855
-0.0783087
-0.0761571
-0.0780111
-0.0807142
-0.061945
-0.0598786
-0.0481225
-0.0522751
-0.0656842
-0.0566241
-0.0460085
-0.0618537
-0.0725581
-0.0716414
-0.0380975
-0.0276269
0.0181493
0.0436248
0.0680351
0.0985269
0.125443
0.122204
0.114329
0.0817061
0.0456601
0.0204234
0.00640499
-0.0161158
-0.020123
-0.0156734
-0.0287781
-0.0314373
-0.0358516
-0.0484489
-0.0576076
-0.0653682
-0.0707722
-0.0874332
-0.107158
-0.104215
-0.113039
-0.121298
-0.0717173
-0.0938682
-0.0514207
-0.0564782
-0.0625379
-0.0440026
0.0210268
0.0624433
0.079643
0.0800358
0.0681929
0.0601462
0.0390253
0.0180572
0.00681634
-0.00369311
-0.0211272
-0.0283971
-0.0443631
-0.0451263
-0.0570006
-0.0663156
-0.0725081
-0.0692358
-0.0583572
-0.0521853
-0.0577231
-0.0627201
-0.0516098
-0.0616175
-0.015965
-0.0178554
-0.0321189
-0.0453455
-0.0332775
-0.0309405
-0.0241304
-0.00880406
-0.00592001
-0.0078995
-0.0168646
-0.0316783
-0.00785657
0.0474945
0.0805223
0.0877167
0.0794165
0.0583008
0.0433133
0.0240394
0.0132663
-0.00247797
-0.00419899
-0.0288977
-0.0350563
-0.0400543
-0.0375019
-0.0516108
-0.0531402
-0.0357617
-0.0263403
-0.0240343
-0.0236373
-0.0360689
-0.0432878
-0.0580985
-0.059853
-0.0638734
-0.0584224
-0.0284592
-0.0147653
-0.0134964
-0.0301115
-0.0268138
-0.0445771
-0.0511612
-0.0518877
-0.0467191
-0.0315244
-0.0165979
-0.0143165
0.0174129
0.0214071
0.00787685
0.0184417
0.0143702
0.00763549
-0.00396594
-0.025294
-0.0394267
-0.0473777
-0.0509663
-0.0454709
-0.072498
-0.0658121
-0.0808509
-0.0676282
-0.0713368
-0.0641762
-0.0459055
-0.069318
-0.00483152
0.076474
0.152581
0.172456
0.156321
0.156735
0.142122
0.141805
0.163844
0.0424621
0.068832
0.0542635
0.0288498
0.0154156
0.00721156
-0.010387
-0.0339797
-0.0434849
-0.0365471
-0.0430965
-0.0423621
-0.0405169
-0.0546929
-0.0677303
-0.0812604
-0.0667149
-0.0559665
-0.0474445
-0.0586954
-0.0675633
-0.0680658
-0.0516796
-0.0461769
-0.0405735
-0.0395237
-0.0405773
-0.0517899
-0.0569638
-0.0631129
-0.0772924
-0.0887822
-0.0879151
-0.0783864
-0.0686556
-0.0610981
-0.067563
-0.0652962
-0.0771418
-0.114846
-0.104078
0.00784115
0.0339334
0.0202134
0.0174006
0.0213962
0.033574
0.0351138
0.052674
0.0453856
0.0739625
0.052064
0.0424071
0.0470377
0.0436518
0.0367249
0.0406739
0.028165
0.0314741
0.0262448
0.0145409
0.0116248
0.00211442
-0.00903325
-0.0176266
-0.0350561
-0.0484133
-0.0492797
-0.0377595
-0.0478993
-0.0613231
-0.0714116
-0.0640121
-0.0633304
-0.0666124
-0.0723247
-0.0790308
-0.0809667
-0.0691321
-0.0562561
-0.0572704
-0.0660646
-0.0577928
-0.0556357
-0.0558449
-0.0147826
0.000409094
0.00237965
0.008497
0.0201443
0.0526952
0.089798
0.107112
0.106046
0.0975628
0.0749812
0.0462145
0.0115134
-0.00380573
-0.0153461
-0.0201392
-0.0289486
-0.0304904
-0.0436374
-0.0620151
-0.057672
-0.0361861
-0.0269246
-0.0155143
-0.0222061
-0.0331616
-0.0357087
-0.0464621
-0.0529167
-0.0416844
-0.0491832
-0.0406842
-0.0212473
-0.0157206
-0.0131074
-0.0225421
-0.0321399
-0.0422978
-0.0538063
-0.0446253
-0.0306965
-0.0209009
-0.0364378
-0.0426986
-0.0511038
-0.0407833
-0.0430311
-0.0519724
-0.0620758
-0.0375792
-0.0738946
-0.0460849
-0.0315102
-0.0104736
0.0367204
0.0248631
0.102406
0.103145
0.0763558
0.0545061
0.0223951
0.00687716
-0.0186751
-0.0262547
-0.018707
-0.0145672
-0.0125341
-0.0325967
-0.0433116
-0.0591153
-0.0843001
-0.0752986
-0.0604144
-0.0758895
-0.0791137
-0.0772001
-0.151768
-0.0659711
0.00201802
0.024911
0.0373544
0.0519021
0.0545809
0.0518707
0.0503031
0.0394187
0.0237556
0.00508773
-0.0189898
-0.0364022
-0.0490726
-0.0562749
-0.0639483
-0.0672694
-0.0608662
-0.0469798
-0.0468196
-0.0597126
-0.0478905
-0.0484525
-0.0797271
-0.0444688
-0.030467
-0.0338282
-0.0149866
0.02256
0.127874
0.191595
0.182924
0.143553
0.109859
0.0797183
0.0554688
0.0388985
0.01312
-1.77424e-05
-0.0153679
-0.0223899
-0.0507597
-0.0674269
-0.0789497
-0.088071
-0.09339
-0.0791426
-0.0756514
-0.0619222
-0.0654898
-0.0596381
-0.0484702
-0.0525633
-0.0490622
-0.0544531
-0.0674171
-0.0748663
-0.0586065
-0.0786363
-0.0694583
-0.0685569
-0.0602384
-0.0542108
-0.0454647
-0.0480943
-0.0499036
-0.0369862
-0.0282526
-0.015145
-0.0191505
-0.0455513
-0.0401286
-0.043782
-0.0475355
-0.0455452
-0.0499336
-0.0777851
-0.0651294
-0.0509152
-0.0381296
-0.0254125
-0.0166215
0.00821045
0.0191325
0.0691592
0.0786344
0.06215
0.0597113
0.0241939
0.0129227
0.00137973
-0.00532382
-0.0165017
-0.0402893
-0.0476199
-0.0446822
-0.0167951
0.0216081
-0.0270311
-0.0286974
-0.0324097
-0.0404318
-0.0423045
-0.0445184
-0.0561306
-0.0516037
-0.0501388
-0.0414225
-0.0238654
-0.0193783
0.00394827
0.017975
0.028759
0.0149045
0.00542458
0.0374944
0.0252872
0.0316469
0.0359921
0.0319651
0.0173673
-0.00234235
-0.00305242
-0.00179181
-0.00849734
-0.0208679
-0.0322923
-0.0322912
-0.0459059
-0.0419103
-0.0229728
-0.013183
-0.0221717
-0.0305461
-0.0328475
-0.0430234
-0.0495754
-0.0545349
-0.0571696
-0.0584542
-0.0644602
-0.0704404
-0.0639672
-0.0770152
-0.0617191
-0.0495338
-0.0548739
-0.0519324
-0.0118021
-0.00213514
0.000891749
0.00248645
0.02884
0.0222928
0.0130711
0.0144692
0.015968
0.00309361
-0.00572444
-0.00183762
-0.00608333
-0.0142827
-0.0298781
-0.0480242
-0.046333
-0.0517562
-0.0517681
-0.0472317
-0.0484964
-0.0505381
-0.0561227
-0.0873659
-0.0788269
-0.0774327
-0.0853419
-0.0647221
-0.071316
-0.0589343
-0.0476725
-0.038357
0.00333305
0.0430693
0.0604962
0.0766331
0.0718922
0.079023
0.0712798
0.0500959
0.035505
0.0373404
0.0291953
0.016554
0.00274601
-0.0116072
-0.0214526
-0.0304666
-0.0389047
-0.0467581
-0.0668502
-0.0729315
-0.0699554
-0.0675114
-0.0592643
-0.0636196
-0.0633169
-0.0696139
-0.0588611
-0.0490207
-0.0499388
-0.0443245
-0.0457091
-0.0321624
-0.00805073
-0.014614
0.00110093
-0.00343506
-0.0171476
-0.00704541
-0.00325983
0.00334363
0.00174974
-0.0148042
-0.00503407
-0.00528757
0.00158106
-0.0110175
-0.00870044
-0.0115743
-0.0271365
-0.0210838
0.000916267
-0.0425296
-0.0447861
-0.0478325
-0.0435319
-0.0328857
-0.0302021
-0.0278197
-0.0396863
-0.0393855
-0.0403959
-0.0422317
-0.0419918
-0.0413521
-0.0366543
-0.0319941
-0.0149938
-0.015987
-0.0153845
-0.00318324
-0.0107915
-0.0454787
-0.055456
-0.0467894
-0.0491706
-0.0300337
-0.00452341
-0.00218212
-0.0078529
-0.0144842
-0.0205478
-0.00666995
0.0188404
0.0249818
0.0364604
0.0385379
0.0311994
0.0176996
0.00896364
0.014974
0.00227508
-0.00785742
-0.0222165
-0.0284575
-0.0358529
-0.0377989
-0.0471184
-0.0570062
-0.0511834
-0.0486082
-0.0285346
-0.0658805
-0.0547368
-0.0421759
-0.0293179
-0.0135173
0.00523364
0.0230856
0.0342073
0.0294423
0.0469412
0.0183203
0.00783454
-0.00979994
-0.0222458
-0.0361931
-0.038677
-0.0416873
-0.048895
-0.0925935
-0.0533622
-0.0890321
-0.0663391
-0.078178
-0.0786919
-0.0266592
-0.0002929
0.0331128
0.0541742
0.0614227
0.0757236
0.0894557
0.0716825
0.0351401
0.0114624
0.0112732
-0.014908
-0.0217223
-0.0237837
-0.0293355
-0.0370349
-0.0401989
-0.0582853
-0.0690106
-0.0796806
-0.081098
-0.0770627
-0.0598652
-0.0520277
-0.0571055
-0.0347577
-0.0343888
-0.0522252
-0.0895898
-0.043076
-0.0369523
-0.0251097
-0.0101894
-0.010734
0.00347176
0.0421794
0.0618509
0.0932199
0.120845
0.100053
0.0775156
0.0624099
0.0343521
0.0151514
0.0072082
-0.0128758
-0.0108977
-0.0264659
-0.0439567
-0.0620877
-0.0677943
-0.0744475
-0.0672613
-0.0511374
-0.0393999
-0.0480599
-0.0342461
-0.0602056
-0.0743855
-0.0789734
-0.0727665
-0.121489
-0.0535535
-0.0356329
-0.0205543
-0.0314111
-0.0337143
-0.0476327
-0.013136
0.00244115
0.0364736
0.0397814
0.0549075
0.0787164
0.0790057
0.028918
0.0430565
0.0397598
0.0236339
-0.00319571
-0.0157897
-0.0224807
-0.0177994
-0.00540117
-0.0140164
-0.0182282
-0.0248644
-0.059397
-0.0402532
-0.0481125
-0.0463356
-0.0499075
-0.054187
-0.0567196
-0.0433452
-0.0218803
-0.0157517
0.0109588
0.0495632
0.0526255
0.0535117
0.0340286
0.00703905
-0.00287023
-0.0115574
-0.0202216
-0.0368398
-0.0455061
-0.0449405
-0.0498926
-0.0620025
-0.0667274
-0.0704021
-0.0767921
-0.0871551
-0.0865425
-0.0852656
-0.0921184
-0.0944927
-0.0897033
-0.0882663
-0.0500125
-0.0306404
-0.0195023
0.00389876
0.0228237
0.0375026
0.0445498
0.0276633
0.0164683
0.0167316
0.0222495
0.0347296
0.0307322
0.0195821
0.078979
0.125634
0.139951
0.12009
0.0905121
0.0618937
0.0431555
0.0204938
-0.00315706
-0.00712517
-0.0217971
-0.0300247
-0.0358294
-0.0583308
-0.0687722
-0.0664489
-0.0598926
-0.0749061
-0.0836222
-0.0768731
-0.0753119
-0.0790791
-0.0737229
-0.0645877
-0.0563399
-0.0579485
-0.0586936
-0.0517113
-0.0567898
-0.0533878
-0.0101257
-0.067422
-0.0787433
-0.0778168
-0.034608
-0.0183737
0.0150569
0.0413319
0.070104
0.0925129
0.138206
0.129668
0.102464
0.0852149
0.0517026
0.0349122
0.0193426
0.00329763
-0.0184464
-0.0366317
-0.0421097
-0.0428937
-0.0232633
-0.0198984
-0.0275741
-0.0331771
-0.0359472
-0.0590564
-0.0677025
-0.0718215
-0.0683853
-0.063303
-0.0815699
-0.0737274
-0.0716218
-0.0744713
-0.033238
-0.00516667
0.0249963
0.0293958
0.0490698
0.054468
0.0508692
0.0447299
0.0266524
0.00649123
0.0081297
0.00248469
-0.00716534
0.000832419
-0.00344882
-0.00923423
-0.0278763
-0.0422181
-0.0415039
-0.0400859
-0.0450385
-0.0422144
-0.0409936
-0.0262093
-0.0179892
-0.00213479
0.000326134
-0.00444992
-0.0137006
-0.0299336
-0.0493643
-0.0619634
-0.0594353
-0.0456175
-0.0428214
-0.0498197
-0.0721177
-0.0658992
-0.0551923
-0.0441897
-0.040643
-0.0384395
-0.0273999
-0.0229939
-0.0242808
-0.0322971
-0.0563749
-0.0651853
-0.0636161
-0.0587097
-0.0545012
-0.0515806
-0.0531752
-0.0631524
-0.0707731
-0.0426797
-0.0286846
-0.0201394
-0.0251861
-0.0269724
-0.0362225
-0.0308218
-0.0324559
-0.0465032
-0.0571962
-0.0679272
-0.0741189
-0.01534
0.0162616
0.0192829
0.014953
0.00335095
-0.0807251
0.0665711
0.104618
0.0997168
0.0947413
0.0956973
0.0917715
0.0824074
0.0681273
0.0547009
0.0344344
0.0202028
0.0169092
0.0155726
0.00526501
-0.0101934
-0.0269824
-0.0355237
-0.0441373
-0.0421394
-0.0406758
-0.0429259
-0.0523062
-0.0490175
-0.0574946
-0.0637442
-0.0720972
-0.0860546
-0.0784033
-0.0780121
-0.0769532
-0.0851473
-0.0704338
-0.039798
-0.0349902
-0.036268
-0.0433904
-0.0395877
-0.0435679
-0.0269399
0.0145968
-0.000568157
0.00929985
0.0225413
0.0139881
0.031775
0.0572914
0.0645897
0.0587106
0.0543599
0.0504729
0.0362716
0.0154544
-0.0026188
-0.0050115
-0.0190468
-0.0164637
-0.0148207
-0.00948532
-0.0126758
-0.00884511
0.000244394
0.00573973
-0.000135831
0.0110843
0.00556498
-0.0125111
-0.0345213
-0.0367645
-0.0388438
-0.0503891
-0.0584394
-0.0697585
-0.0744248
-0.0784347
-0.0780076
-0.0763993
-0.0746762
-0.0626998
-0.0469576
-0.0531079
-0.0456822
-0.0295731
-0.0179972
-0.0186606
-0.0020279
-0.00306184
-0.00965218
-0.0209982
-0.0157198
-0.0134632
-0.0171937
-0.0267721
-0.00319571
0.00155118
-0.00021301
-0.0039188
-0.020006
-0.0233806
-0.000732535
-0.00310958
-0.0145913
-0.0198658
-0.0252581
-0.0232787
-0.0192354
-0.0117925
-0.0256407
-0.0490526
-0.0496909
-0.054096
-0.0522903
-0.0515151
-0.0605605
-0.0466801
-0.0312964
-0.0196187
-0.0057766
-0.00764394
-0.013749
-0.0264629
-0.0305712
-0.0375257
-0.0553675
-0.0744483
-0.0878124
-0.0725483
-0.0608854
-0.0502711
-0.043591
-0.0455916
-0.0683288
-0.0530026
-0.0356498
-0.0365636
-0.0390837
-0.0639839
-0.0623252
-0.0587305
-0.0522222
-0.0524681
-0.045151
-0.0428682
-0.0301965
-0.0328015
-0.0604525
-0.0299834
-0.0253299
-0.0253522
-0.0246419
-0.0134927
0.0518362
0.0825505
0.0886177
0.0775406
0.0785085
0.108621
0.136115
0.137849
0.124008
0.0993531
0.0728943
0.0604747
0.0424552
0.0232108
0.000735171
-0.00506021
-0.0144361
-0.0184187
-0.035997
-0.0556786
-0.0683773
-0.0726581
-0.07044
-0.0781887
-0.0716569
-0.0814986
-0.0739963
-0.0772907
-0.069982
-0.0570644
-0.0378688
-0.0326195
-0.0345484
-0.0300677
-0.0323303
-0.0259326
-0.0445577
-0.0235952
-0.0106411
0.0032732
0.00769846
0.00877263
0.00800106
-0.00693939
-0.0227512
-0.0274185
-0.0141931
-0.0157058
-0.020014
-0.0194713
-0.0514421
-0.0542101
-0.059986
-0.0588374
-0.0743735
-0.0742709
-0.0485465
-0.00231814
0.0154694
0.0222798
0.0207282
0.0131176
0.0121281
0.0174345
0.0301681
-0.00385188
-0.0039409
-0.00242137
0.0213537
-0.0251045
-0.0201272
-0.014859
-0.00809833
0.0115518
0.0320869
0.0336809
0.0287155
0.0501601
0.0465205
0.0520392
0.051544
0.0327828
0.0136898
-0.000941131
-0.0159434
-0.0172667
-0.0127174
-0.0102834
-0.0193415
-0.0273808
-0.0453161
-0.0530381
-0.0700114
-0.0740479
-0.0687191
-0.0671707
-0.0611228
-0.0522238
-0.0442634
-0.0375027
-0.0408043
-0.0498089
-0.0547867
-0.0661076
-0.0710575
-0.083043
-0.0551095
-0.0449875
-0.0434553
-0.025731
-0.0311323
-0.0451942
-0.0622516
-0.0620653
-0.0624632
-0.0598735
-0.0447031
-0.0488984
-0.0506541
-0.0453206
-0.0516482
-0.0116393
-0.00327558
-0.0175884
-0.0153451
-0.00695849
-0.0137282
-0.00178826
0.00123027
-0.0647718
0.0180945
0.0295378
0.0145516
0.0344809
0.0446238
0.0816352
0.0961567
0.119109
0.133428
0.131865
0.105912
0.0677603
0.0336234
0.0114958
-0.00104298
-0.0084252
-0.0137041
-0.031436
-0.0325706
-0.0423455
-0.0459318
-0.0532911
-0.0589355
-0.0702035
-0.0735778
-0.0865109
-0.0872223
-0.106121
-0.102232
-0.0969591
-0.0876098
-0.0693917
-0.0635624
-0.0737136
-0.0585357
-0.0229439
-0.00622276
0.000222347
-0.00503263
-0.0145473
-0.0208772
-0.0310134
-0.038873
-0.0444092
-0.0484727
-0.0636055
-0.0711111
-0.0687726
-0.0773885
-0.0776321
-0.0501879
-0.052192
-0.035156
-0.00995913
0.0321519
0.0715354
0.0779156
0.0744317
0.0485496
0.0297245
0.00728468
-0.0106251
-0.0324834
-0.0417142
-0.0428133
-0.0431988
-0.0455504
-0.0458833
-0.0460026
-0.0730798
-0.08895
-0.0384953
-0.0377378
-0.0314867
-0.0451135
-0.0460052
-0.0337294
-0.0345582
-0.0226186
-0.00524394
0.0337485
0.0307921
0.0480771
0.00596324
0.0330494
0.0539752
0.0661804
0.0679155
0.05734
0.0489419
0.0322382
0.0265673
0.0228558
0.00910797
0.000870989
-0.0142192
-0.0282508
-0.0480966
-0.0565688
-0.0524877
-0.0653562
-0.0687311
-0.0702237
-0.0766235
-0.0745758
-0.0777026
-0.0674546
-0.0602875
-0.064825
-0.0733254
-0.0772073
-0.0278487
-0.0384973
-0.0469834
-0.0453463
-0.048626
-0.0330528
-0.0224306
-0.00224229
0.0225802
0.0271828
0.0331842
0.0295901
0.00940463
0.0212737
0.00894946
-0.00668648
-0.0126173
-0.0280397
-0.0258031
-0.0154254
-0.016687
-0.00628504
-0.012715
-0.0212124
-0.0274733
-0.0398314
-0.0517081
-0.0563738
-0.0755688
-0.0845766
-0.0666248
-0.0754244
-0.0409091
-0.0408297
-0.0453562
-0.0436052
-0.0414892
-0.0184649
-0.00301181
0.0110262
0.0205132
0.0255569
0.0333976
0.0157762
-0.00953573
0.0259764
0.0285358
0.0358483
0.0455005
0.0375451
0.0206128
0.00712938
0.0216252
0.00996568
0.00291527
-0.00642496
-0.0081015
-0.0190021
-0.0232525
-0.026759
-0.0154929
-0.016809
-0.0282755
-0.0436864
-0.0404622
-0.0561772
-0.0676416
-0.0697732
-0.0749967
-0.0789591
-0.0735501
-0.0691962
-0.059225
-0.0725503
-0.0697737
-0.0798387
-0.0842048
-0.068103
-0.0526703
-0.0402789
-0.0274617
-0.0379781
-0.0577975
-0.0605649
-0.0619391
-0.058592
-0.0763287
-0.06196
-0.0533788
0.0223574
0.0952602
0.092341
0.115197
0.131391
0.150125
0.161573
0.128695
0.0924063
0.0656916
0.0799197
0.0836491
0.0752115
0.0639136
0.0442357
0.0244264
0.0111844
-0.0132305
-0.0268098
-0.0501114
-0.0474351
-0.0579581
-0.0559419
-0.0534655
-0.0621956
-0.0732989
-0.0814488
-0.0725403
-0.0588761
-0.0345302
-0.0247656
-0.0279743
-0.0364785
-0.0510134
-0.0637118
-0.0672124
-0.080222
-0.078816
-0.0690095
-0.0846613
-0.0849507
-0.0774515
-0.0785129
-0.0665585
-0.0530164
-0.0375359
-0.0234619
-0.00983261
-0.00914017
-0.0197189
-0.0132341
0.00579887
-0.00516899
-0.0236952
-0.0153251
-0.0176427
-0.00497357
0.0328721
0.063911
0.0771797
0.0858771
0.0681195
0.0541626
0.0411563
0.0228398
0.0160345
-0.0124633
-0.021553
-0.0269283
-0.0337228
-0.0471379
-0.0547747
-0.0595404
-0.0717194
-0.0639983
-0.0413758
-0.0436519
-0.046587
-0.0821018
-0.0618811
-0.0336657
-0.0311169
-0.0342875
-0.0385658
-0.0605119
0.0114219
0.0526006
0.076528
0.0752764
0.0760024
0.0871992
0.0654737
0.0486141
0.020744
0.00589586
-0.0208513
-0.0371893
-0.043405
-0.0561047
-0.0609461
-0.0504273
-0.0399892
-0.030364
-0.0398289
-0.0563332
-0.0511482
-0.0563575
-0.0770263
-0.0854134
-0.100864
-0.0806391
-0.0870928
-0.0872041
-0.0700415
-0.0351539
-0.0298266
-0.0128912
0.0117034
0.0579491
0.10649
0.111477
0.0991572
0.0839854
0.0604776
0.0376146
0.0167352
-0.00237253
-0.0261921
-0.0280906
-0.028871
-0.0317918
-0.0286779
-0.0320817
-0.0477332
-0.052959
-0.0607926
-0.067347
-0.0557061
-0.0973429
-0.0835308
-0.0756602
-0.0650528
-0.0533061
-0.0371958
-0.0381789
0.00590583
0.0248953
0.0347536
0.0264333
0.0183343
-0.00239787
-0.00467998
-0.00738599
-0.0110361
-0.0227122
-0.0341913
-0.0355746
-0.037969
-0.0426169
-0.0575326
-0.0731023
-0.0717778
-0.0725126
-0.0689413
-0.0728068
-0.0815554
-0.0837476
-0.0883953
-0.0931292
-0.0734512
-0.0691649
-0.0652591
-0.0661751
-0.0464547
-0.0164618
0.00855872
0.0287199
0.0213723
0.0309386
0.0147252
-0.00832711
-0.00695202
-0.0136264
-0.0234757
-0.0565477
-0.0364363
-0.0271205
-0.022959
-1.13323e-05
0.0403279
-0.0330245
-0.0085983
-0.00373852
-0.0222219
-0.0288515
-0.0201349
-0.00637923
-0.00086739
0.00217461
-0.00550263
0.0107992
0.0281093
0.0193679
0.0191347
0.00791747
0.0146055
0.0199123
0.0347703
0.0543051
0.0933895
0.111172
0.0938357
0.0716696
0.0544289
0.0329893
0.0119906
-0.013615
-0.0359101
-0.0514628
-0.0502494
-0.063623
-0.0688101
-0.0648136
-0.0685462
-0.0772874
-0.0822333
-0.0896424
-0.097707
-0.0871048
-0.0764436
-0.0780318
-0.0735762
-0.057309
-0.0790106
-0.076749
-0.0260088
-0.00537831
0.0406246
0.049495
-0.0152538
-0.00424125
-0.0143951
-0.0220884
-0.0232389
-0.0105002
0.00719338
0.0178012
0.0464211
0.0376815
0.018428
0.0109586
-0.000101948
0.00287765
-0.00653092
-0.0177703
-0.0313509
-0.029305
-0.0287522
-0.0305701
-0.0358388
-0.045293
-0.0634421
-0.068103
-0.0555553
-0.0482516
-0.055991
-0.0649519
-0.0590849
-0.0586913
-0.0657482
-0.0544747
-0.0476291
-0.0458027
-0.0297795
-0.0291563
-0.0170651
0.00203169
0.0243349
0.040592
0.0361186
0.0150054
-0.0110143
0.00222738
-0.00510476
0.010436
0.0159855
0.0384101
0.0693457
0.0732765
0.056296
0.0262796
0.0159655
-0.00838954
-0.0300793
-0.0295635
-0.0354452
-0.0511812
-0.0585382
-0.0645543
-0.070564
-0.0739571
-0.0864453
-0.0720065
-0.060102
-0.0655095
-0.071854
-0.0839715
-0.0749136
-0.114538
-0.0773919
-0.0812397
-0.0954368
-0.0920765
-0.107797
-0.0812346
-0.0898421
-0.0779668
0.0164991
0.0468097
0.0635078
0.0565994
0.0605134
0.0582459
0.0471801
0.0338266
0.0236746
0.0407817
0.0558154
0.0537959
0.0475639
0.0267977
0.0205593
0.0225326
0.00668209
-0.00915881
-0.0154113
-0.0194605
-0.0261059
-0.0357481
-0.0342452
-0.0512465
-0.0472987
-0.0488568
-0.00274005
0.00157458
-0.0154089
-0.00966262
0.00283705
0.0214135
0.0471744
0.0496682
0.0400619
0.0357492
0.0207357
0.00527402
0.00514429
-0.0101299
-0.0199688
-0.0313959
-0.0193607
-0.0265246
-0.0386649
-0.0554091
-0.0580493
-0.0688726
-0.0744654
-0.0818324
-0.0704254
-0.0733814
-0.0542321
-0.0483564
-0.056921
-0.0612234
-0.0700344
-0.0641278
-0.0634981
-0.0614631
-0.0544738
-0.0441388
-0.0296477
-0.0263443
-0.0232825
-0.0130764
0.00255161
0.0257839
0.0226933
0.0501869
0.0451033
0.0517509
0.0589045
0.092548
0.091148
0.0837221
0.0667581
0.0514971
0.0411194
0.0317622
0.0440037
0.0508879
0.0628711
0.0589405
0.0426797
0.0170516
-0.00974287
-0.0233342
-0.0324924
-0.035921
-0.0458855
-0.0533267
-0.0651551
-0.0670371
-0.0669495
-0.0740763
-0.0784346
-0.0742853
-0.0552605
-0.0631896
-0.0598882
-0.0599002
-0.0625057
-0.0422922
-0.0351725
-0.0404731
-0.0468795
-0.047326
-0.044658
-0.0409777
-0.0320648
-0.028171
-0.0326998
-0.0427493
-0.0547031
-0.0563926
-0.0335142
-0.0235835
-0.0195202
-0.0231604
-0.0036352
-0.0126713
-0.0187103
-0.0317877
-0.0511229
-0.0399709
-0.0192962
-0.0107891
-0.0276013
-0.0387547
-0.0128736
0.00591612
-0.0012058
0.00839349
0.0128182
0.0115968
0.0316884
0.0576613
0.0530379
0.0389723
0.0292959
0.0670866
0.0730428
0.0732636
0.0574176
0.0393808
0.0210579
0.00477685
-0.00889194
-0.0217104
-0.031413
-0.0390703
-0.0419689
-0.0486723
-0.0502813
-0.0648103
-0.0541807
-0.0591618
-0.0709285
-0.0811303
-0.0922255
-0.0772327
-0.0697308
-0.0579467
-0.0311659
-0.00611352
-0.000176517
-0.0138095
-0.0305118
-0.0422531
-0.0468735
-0.0522055
-0.0628408
-0.0641628
-0.0687305
-0.0688105
-0.0646239
-0.0520269
-0.0335216
-0.00949678
-0.0135282
-0.0228017
-0.00197501
-0.0149047
-0.0122575
-0.00466925
0.020581
0.0504396
0.0915842
0.09262
0.104925
0.0945074
0.0678576
0.0568202
0.0334074
0.0175479
-0.000608182
-0.0195546
-0.0318707
-0.0341174
-0.0288374
-0.0403747
-0.0346259
-0.0292631
-0.0255021
-0.0247013
-0.0376655
-0.0249182
-0.0306371
-0.0394961
-0.0550962
-0.0660017
-0.0792758
-0.0821013
-0.0795993
-0.0730672
-0.0817514
-0.0692156
-0.0568044
-0.0183019
-0.0127394
-0.00990125
-0.00693716
0.0225989
-0.00702289
-0.0111701
-0.0126053
-0.00624927
0.0164905
0.0281322
0.0288798
0.0384079
0.0544455
0.0604045
0.0515929
0.0319397
0.0065612
-0.0122335
-0.0133307
-0.0161113
-0.027462
-0.0426722
-0.0389737
-0.0436869
-0.0601455
-0.0505289
-0.0416074
-0.0450169
-0.0392538
-0.0543944
-0.0560046
-0.0422279
-0.0284118
-0.0366675
-0.0483342
-0.050334
-0.0543719
-0.0519607
-0.0105921
-0.0615623
-0.036123
-0.0376758
-0.00259038
0.015428
0.0148911
0.0267902
0.0335189
0.0284121
0.019689
0.0120427
0.0153249
0.00332755
-0.00553735
0.00686658
0.000981981
0.0166879
0.0122224
-0.00162915
-0.0121731
-0.00761859
-0.0149167
-0.0165276
-0.0294493
-0.0260872
-0.0207645
-0.0193797
-0.0214056
-0.0283151
-0.0276214
-0.024856
-0.00803425
-0.00648877
-0.029894
-0.0247797
-0.0235886
-0.0271962
-0.0261786
-0.0506473
-0.0471873
-0.067298
-0.0378441
-0.0310443
-0.0334639
-0.00689834
0.00332458
0.0379129
0.0651326
0.0749115
0.0778388
0.0607379
0.0559598
0.041388
0.032457
0.0217456
0.00564509
-0.014219
-0.027551
-0.032238
-0.0447156
-0.0679808
-0.0728719
-0.0765175
-0.0610249
-0.0622297
-0.0714501
-0.0749903
-0.0734233
-0.0718061
-0.0736178
-0.100245
-0.0775747
-0.0618247
-0.0617806
-0.0635898
-0.062131
-0.0449641
-0.0563997
-0.0355185
0.00282467
0.0315141
0.0327875
0.0628114
0.0572519
0.0557782
0.057099
0.0704825
0.0667802
0.0463546
0.0547631
0.0379667
0.0267088
0.0170811
0.00538702
-0.00365213
-0.0164108
-0.020548
-0.0216165
-0.0271758
-0.0274493
-0.0271177
-0.0296104
-0.0251622
-0.0293531
-0.0292058
-0.0361174
-0.0447442
-0.0508102
-0.0461517
-0.0547008
-0.0620761
-0.0650131
-0.0728366
-0.0698711
-0.0732416
-0.0676929
-0.0594805
-0.0581289
-0.0724453
-0.0804282
-0.0437806
-0.0817878
-0.0751647
-0.0583909
-0.0421857
-0.0246816
-0.0168078
0.0436841
0.100612
0.149915
0.192355
0.216209
0.19525
0.15831
0.120086
0.0784495
0.0524984
0.0337959
0.0170277
-0.0136003
-0.0377739
-0.0353213
-0.0342578
-0.0382477
-0.0544236
-0.0650387
-0.0816209
-0.0894328
-0.0924624
-0.080753
-0.0676258
-0.0741355
-0.0768675
-0.086033
-0.0799795
-0.0655342
-0.0446147
-0.0543595
-0.0623554
-0.0669014
-0.0450043
-0.0476438
-0.0359907
-0.0242462
-0.0344082
-0.00595108
-0.00171408
-0.009719
-0.0249462
-0.0265452
-0.00469923
0.027626
0.0274719
0.0404437
0.039911
0.0488097
0.0467832
0.0311873
0.0245337
0.0124849
0.00158206
-0.0156305
-0.0270298
-0.0364236
-0.0465337
-0.0552551
-0.0687122
-0.0635776
-0.0643853
-0.079255
-0.086697
-0.0740224
-0.06712
-0.0580605
-0.0737579
-0.00368849
0.025471
0.0171418
0.00842789
-0.0322256
0.00291473
0.00869572
-0.00997626
-0.0130681
-0.00359456
0.00174297
0.0415761
0.0656269
0.0632097
0.0433665
0.0269262
0.0188862
-0.000195039
-0.00475508
-0.0207529
-0.0433642
-0.0508868
-0.04265
-0.047791
-0.0489304
-0.0625936
-0.0697461
-0.0707255
-0.062912
-0.0617071
-0.0665491
-0.0685697
-0.0701304
-0.0653959
-0.069947
-0.0673136
-0.0754917
-0.0376548
-0.0688233
-0.0634391
0.00110904
-0.012574
0.012016
0.0445305
0.0672488
0.0844418
0.106718
0.135546
0.138636
0.133594
0.125667
0.101247
0.0761607
0.0598224
0.0358399
0.013884
-0.000359049
-0.0112011
-0.0335082
-0.0354186
-0.0422975
-0.0370275
-0.0461167
-0.065302
-0.0756496
-0.0791311
-0.0710026
-0.0757397
-0.0801004
-0.0861121
-0.0942643
-0.0977575
-0.0800517
-0.0691131
-0.0503697
-0.0354941
-0.0357796
-0.0307305
-0.0479045
-0.0472867
-0.0475787
-0.0448207
-0.0619965
-0.0433018
0.00295596
0.0229525
0.0552777
0.0919678
0.12219
0.112676
0.0957202
0.0759479
0.0485185
0.0168785
-0.000542986
-0.0328679
-0.0296449
-0.0154298
-0.0261299
-0.034029
-0.0507401
-0.0457992
-0.0429816
-0.0386189
-0.0290091
-0.0320633
-0.0310314
-0.0196239
-0.0286086
-0.0355391
-0.0424983
-0.0388633
-0.0422166
-0.0473494
-0.0262682
-0.0177522
-0.0270501
-0.040079
-0.0531924
-0.0642957
-0.0670966
-0.0731351
-0.0750341
-0.0663754
-0.0695833
-0.0632325
-0.0639627
-0.0598214
-0.0758059
-0.0783066
-0.0625453
-0.0719617
-0.0688889
-0.0803868
-0.0429831
0.00912484
0.0706143
0.0973679
0.10858
0.137594
0.135779
0.134347
0.106381
0.0552562
0.0335614
0.0193444
0.0158722
-0.00169105
-0.0386157
-0.0385762
-0.0415523
-0.0498784
-0.04895
-0.037305
-0.0358524
-0.0402139
-0.0334763
-0.0369953
-0.0438805
-0.0480503
-0.0336916
-0.055806
-0.0417509
-0.0279753
-0.0300345
-0.0369244
-0.0395722
-0.0474224
-0.0675834
-0.0736142
-0.0850005
-0.0856167
-0.0832533
-0.104083
-0.102041
-0.0557511
-0.0318191
-0.03154
-0.0367738
0.00472564
0.074941
0.121421
0.164656
0.0876963
0.124136
0.104789
0.0718741
0.0473885
0.033276
0.0105799
-0.0103223
-0.0148624
-0.0335347
-0.0417894
-0.0415576
-0.0447717
-0.0482561
-0.0606273
-0.061686
-0.0527418
-0.0586305
-0.0453569
-0.0440856
-0.0542527
-0.052413

