0	6	
7	13	
14	20	
21	27	
28	34	
35	41	
42	48	
49	55	
56	62	
63	69	
70	76	
77	82	
83	88	
89	94	
95	100	
101	106	
107	112	
113	118	
119	124	
125	130	
131	136	
137	142	
143	148	
149	154	
155	159	
160	164	
165	169	
170	174	
175	179	
180	184	
185	189	
190	194	
195	199	
200	204	
205	209	
210	214	
215	218	
219	222	
223	226	
227	230	
231	234	
235	238	
239	242	
243	246	
247	250	
251	254	
255	258	
259	262	
263	266	
267	269	
270	272	
273	275	
276	278	
279	281	
282	284	
285	287	
288	290	
291	293	
294	296	
297	299	
300	302	
303	304	
305	306	
307	308	
309	310	
311	312	
313	314	
315	316	
317	318	
319	320	
321	322	
323	324	
325	326	
327	328	
329	329	
330	330	
331	331	
332	332	
333	333	
334	334	
335	335	
336	336	
337	337	
338	338	
339	339	
340	340	
341	340	
341	340	
341	340	
341	340	
341	340	
341	340	
341	340	
341	340	
341	340	
341	340	
341	340	
341	340	
341	340	
341	340	
