941	920	918	998	930	957	980	
992	959	999	995	919	904	989	
990	946	929	941	955	951	966	
959	927	940	997	952	919	945	
998	921	980	909	972	964	920	
924	913	922	942	917	993	936	
974	936	929	996	964	960	957	
927	996	965	921	946	972	984	
967	987	937	918	924	989	951	
970	979	925	944	916	983	956	
984	965	937	926	945	954	925	
996	985	966	918	942	924	
999	948	918	915	933	950	
939	963	995	984	959	954	
967	941	986	919	940	991	
987	966	917	986	980	923	
930	998	969	937	993	959	
952	950	931	977	992	993	
967	952	966	921	977	954	
923	959	999	956	939	961	
954	993	961	990	998	931	
937	986	965	971	936	988	
944	956	952	995	972	950	
972	960	970	926	983	946	
955	939	966	979	991	
993	980	934	992	963	
959	992	942	998	968	
956	936	996	953	971	
993	981	995	940	952	
952	970	985	943	990	
934	980	981	963	954	
946	969	955	995	976	
935	994	987	951	995	
970	953	972	964	997	
988	971	939	987	966	
959	962	998	992	973	
994	944	952	995	
940	950	943	988	
983	984	985	959	
993	991	978	994	
969	991	987	961	
969	975	962	966	
985	996	953	969	
985	970	968	947	
978	947	979	953	
960	957	979	965	
984	948	959	989	
991	958	990	964	
991	996	953	985	
951	989	986	
996	999	963	
961	975	966	
984	966	957	
955	956	966	
980	975	984	
962	999	988	
989	964	980	
973	992	997	
991	970	982	
962	969	974	
968	994	978	
975	967	
984	971	
968	977	
989	991	
980	997	
999	997	
981	974	
991	973	
996	989	
983	985	
974	994	
977	984	
979	986	
984	
990	
978	
982	
991	
997	
982	
989	
996	
989	
996	
997	
