0	953	
954	3011	
3012	3660	
3661	7849	
7850	8191	
8192	8936	
8937	9922	
9923	10525	
10526	11922	
11923	12607	
12608	13206	
13207	14134	
14135	16982	
16983	17718	
17719	19069	
19070	23034	
23035	23256	
23257	23888	
23889	24196	
24197	26964	
26965	27187	
27188	28865	
28866	29337	
29338	30747	
30748	31377	
31378	35644	
35645	36234	
36235	36512	
36513	37157	
37158	37662	
37663	38028	
38029	38611	
38612	39625	
39626	40599	
40600	41479	
41480	42044	
42045	46341	
46342	47259	
47260	51619	
51620	52892	
52893	53533	
53534	53867	
53868	54841	
54842	55062	
55063	55662	
55663	55978	
55979	56733	
56734	57751	
57752	58721	
58722	59034	
59035	59376	
59377	59609	
59610	61346	
61347	62056	
62057	62216	
62217	62846	
62847	67134	
67135	72400	
72401	72564	
72565	75115	
75116	75442	
75443	75771	
75772	77509	
77510	77733	
77734	77963	
77964	79727	
79728	85039	
85040	85733	
85734	86226	
86227	86906	
86907	87817	
87818	87991	
87992	88925	
88926	89795	
89796	90447	
90448	92572	
92573	94241	
94242	94602	
94603	95238	
95239	96155	
96156	96982	
96983	97154	
97155	99580	
99581	99913	
99914	100327	
100328	101299	
101300	103932	
103933	104831	
104832	105160	
105161	105490	
105491	105806	
105807	107074	
107075	107759	
107760	108273	
108274	109308	
109309	112117	
112118	112584	
112585	113035	
113036	113811	
113812	114843	
114844	115442	
115443	115623	
115624	116956	
116957	118243	
118244	118767	
118768	121374	
121375	122739	
122740	124467	
124468	129858	
129859	130514	
130515	133345	
133346	134130	
134131	134690	
134691	135588	
135589	140862	
140863	141173	
141174	141654	
141655	141997	
141998	143424	
143425	146300	
146301	146650	
146651	147161	
147162	147907	
147908	148564	
148565	148888	
148889	149211	
149212	149829	
149830	150173	
150174	150411	
150412	152248	
152249	152951	
152952	158199	
158200	158764	
158765	163118	
163119	163558	
163559	168460	
168461	170965	
170966	171946	
171947	172627	
172628	173327	
173328	177796	
177797	178395	
178396	179602	
179603	181470	
181471	182114	
182115	183136	
183137	184028	
184029	184239	
184240	185212	
185213	185574	
185575	185897	
185898	187214	
187215	188211	
188212	188528	
188529	189102	
189103	190316	
190317	191176	
191177	192148	
192149	192790	
192791	193793	
193794	194454	
194455	195117	
195118	200139	
200140	200508	
200509	204732	
204733	204963	
204964	210092	
210093	210436	
210437	210784	
210785	211135	
211136	211442	
211443	216434	
216435	217099	
217100	217261	
217262	217751	
217752	217936	
217937	219725	
219726	220613	
220614	221386	
221387	222023	
222024	224800	
224801	225136	
225137	226479	
226480	227239	
227240	227800	
227801	228122	
228123	228745	
228746	229053	
229054	230454	
230455	232912	
232913	233872	
233873	236026	
236027	236381	
236382	237785	
237786	238123	
238124	238354	
238355	240478	
240479	241805	
241806	241972	
241973	244856	
244857	245344	
245345	245677	
245678	247049	
247050	247379	
247380	249995	
249996	250371	
250372	250695	
250696	255699	
255700	256012	
256013	256993	
256994	257919	
257920	258146	
258147	258455	
258456	260171	
260172	261060	
261061	263613	
263614	264104	
264105	265390	
265391	266685	
266686	268402	
268403	269177	
269178	269490	
269491	270234	
270235	271460	
271461	272254	
272255	273002	
273003	273341	
273342	273682	
273683	274007	
274008	276842	
276843	277463	
277464	278347	
278348	279015	
279016	280856	
280857	281201	
281202	281847	
281848	282335	
282336	283735	
283736	284172	
284173	284499	
284500	285274	
285275	286072	
286073	287854	
287855	290423	
290424	291052	
291053	291696	
291697	292314	
292315	295142	
295143	295320	
295321	295654	
295655	296131	
296132	298262	
298263	299281	
299282	301036	
301037	301334	
301335	306619	
306620	306941	
306942	307973	
307974	308588	
308589	313713	
313714	318751	
318752	320085	
320086	321395	
321396	322382	
322383	324952	
324953	325656	
325657	326152	
326153	326636	
326637	326845	
326846	329008	
329009	329641	
329642	330553	
330554	331130	
331131	332839	
332840	333452	
333453	334087	
334088	334653	
334654	339261	
339262	339771	
339772	344226	
344227	344570	
344571	345597	
345598	347287	
347288	347949	
347950	348402	
348403	351177	
351178	351474	
351475	354065	
354066	354695	
354696	354845	
354846	355725	
355726	357550	
357551	359390	
359391	361139	
361140	361370	
361371	366546	
366547	370847	
370848	371340	
371341	372818	
372819	373073	
373074	378163	
378164	383058	
383059	385925	
385926	387087	
387088	388312	
388313	390071	
390072	390600	
390601	391765	
391766	392092	
392093	393443	
393444	393802	
393803	394258	
394259	395848	
395849	396812	
396813	397059	
397060	397224	
397225	397555	
397556	397730	
397731	399077	
399078	399972	
399973	401294	
401295	401471	
401472	402502	
402503	403108	
403109	403973	
403974	404970	
404971	405558	
405559	406483	
406484	406841	
406842	411233	
411234	412055	
412056	413144	
413145	413704	
413705	415013	
415014	416042	
416043	418671	
418672	423780	
423781	428093	
428094	428709	
428710	429930	
429931	431581	
431582	431886	
431887	432653	
432654	433098	
433099	435630	
435631	435793	
435794	436533	
436534	441516	
441517	441834	
441835	446029	
446030	447139	
447140	447776	
447777	448476	
448477	450663	
450664	451236	
451237	451831	
451832	452133	
452134	452751	
452752	457119	
457120	457583	
