0	0	176	
1	177	337	
2	338	496	
3	497	654	
4	655	811	
5	812	974	
6	975	1132	
7	1133	1294	
8	1295	1457	
9	1458	1618	
10	1619	1792	
11	1793	1962	
12	1963	2118	
13	2119	2278	
14	2279	2465	
15	2466	2638	
16	2639	2797	
17	2798	2976	
18	2977	3160	
19	3161	3328	
20	3329	3491	
21	3492	3655	
22	3656	3819	
23	3820	4004	
24	4005	4187	
25	4188	4376	
26	4377	4543	
27	4544	4710	
28	4711	4869	
29	4870	5039	
30	5040	5200	
31	5201	5371	
32	5372	5550	
33	5551	5708	
34	5709	5896	
35	5897	6052	
36	6053	6212	
37	6213	6381	
38	6382	6536	
39	6537	6704	
40	6705	6867	
41	6868	7036	
42	7037	7213	
43	7214	7390	
44	7391	7561	
45	7562	7720	
46	7721	7887	
47	7888	8046	
48	8047	8218	
49	8219	8376	
50	8377	8540	
51	8541	8687	
52	8688	8849	
53	8850	9023	
54	9024	9193	
55	9194	9353	
56	9354	9539	
57	9540	9686	
58	9687	9861	
59	9862	10025	
60	10026	10185	
61	10186	10327	
62	10328	10500	
63	10501	10642	
64	10643	10804	
65	10805	10950	
66	10951	11118	
67	11119	11283	
68	11284	11440	
69	11441	11600	
70	11601	11772	
71	11773	11944	
72	11945	12124	
73	12125	12291	
74	12292	12452	
75	12453	12613	
76	12614	12770	
77	12771	12905	
78	12906	13069	
79	13070	13244	
80	13245	13392	
81	13393	13566	
82	13567	13738	
83	13739	13907	
84	13908	14056	
85	14057	14227	
86	14228	14399	
87	14400	14557	
88	14558	14730	
89	14731	14888	
90	14889	15054	
91	15055	15212	
92	15213	15379	
93	15380	15535	
94	15536	15707	
95	15708	15882	
96	15883	16064	
97	16065	16234	
98	16235	16388	
99	16389	16566	
100	16567	16729	
101	16730	16898	
102	16899	17073	
103	17074	17245	
104	17246	17412	
105	17413	17582	
106	17583	17744	
107	17745	17905	
108	17906	18055	
109	18056	18242	
110	18243	18396	
111	18397	18554	
112	18555	18708	
113	18709	18860	
114	18861	19018	
115	19019	19178	
116	19179	19336	
117	19337	19501	
118	19502	19652	
119	19653	19822	
120	19823	20002	
121	20003	20178	
122	20179	20339	
123	20340	20503	
124	20504	20677	
125	20678	20839	
126	20840	20991	
127	20992	21150	
128	21151	21331	
129	21332	21482	
130	21483	21644	
131	21645	21816	
132	21817	21971	
133	21972	22124	
134	22125	22281	
135	22282	22439	
136	22440	22632	
137	22633	22802	
138	22803	22975	
139	22976	23152	
140	23153	23327	
141	23328	23484	
142	23485	23661	
143	23662	23816	
144	23817	23983	
145	23984	24134	
146	24135	24298	
147	24299	24454	
148	24455	24607	
149	24608	24765	
150	24766	24931	
151	24932	25082	
152	25083	25244	
153	25245	25387	
154	25388	25539	
155	25540	25693	
156	25694	25845	
157	25846	25989	
158	25990	26137	
159	26138	26313	
160	26314	26478	
161	26479	26651	
162	26652	26806	
163	26807	26956	
164	26957	27131	
165	27132	27284	
166	27285	27435	
167	27436	27604	
168	27605	27769	
169	27770	27925	
170	27926	28086	
171	28087	28240	
172	28241	28398	
173	28399	28549	
174	28550	28697	
175	28698	28851	
176	28852	29012	
177	29013	29176	
178	29177	29345	
179	29346	29524	
180	29525	29690	
181	29691	29857	
182	29858	30034	
183	30035	30178	
184	30179	30342	
185	30343	30504	
186	30505	30661	
187	30662	30813	
188	30814	30975	
189	30976	31129	
190	31130	31295	
191	31296	31476	
192	31477	31611	
193	31612	31771	
194	31772	31926	
195	31927	32088	
196	32089	32238	
197	32239	32404	
198	32405	32560	
199	32561	32719	
200	32720	32885	
201	32886	33042	
202	33043	33193	
203	33194	33359	
204	33360	33536	
205	33537	33695	
206	33696	33851	
207	33852	34006	
208	34007	34173	
209	34174	34325	
210	34326	34488	
211	34489	34649	
212	34650	34822	
213	34823	34974	
214	34975	35120	
215	35121	35273	
216	35274	35442	
217	35443	35583	
218	35584	35732	
219	35733	35896	
220	35897	36072	
221	36073	36228	
222	36229	36383	
223	36384	36532	
224	36533	36692	
225	36693	36858	
226	36859	37013	
227	37014	37165	
228	37166	37312	
229	37313	37475	
230	37476	37639	
231	37640	37772	
232	37773	37924	
233	37925	38094	
234	38095	38275	
235	38276	38422	
236	38423	38557	
237	38558	38730	
238	38731	38902	
239	38903	39068	
240	39069	39217	
241	39218	39400	
242	39401	39561	
243	39562	39706	
244	39707	39863	
245	39864	40022	
246	40023	40179	
247	40180	40348	
248	40349	40511	
249	40512	40670	
250	40671	40833	
251	40834	40975	
252	40976	41140	
253	41141	41311	
254	41312	41477	
255	41478	41644	
256	41645	41800	
257	41801	41969	
258	41970	42140	
259	42141	42300	
260	42301	42464	
261	42465	42618	
262	42619	42773	
263	42774	42939	
264	42940	43127	
265	43128	43284	
266	43285	43448	
267	43449	43610	
268	43611	43778	
269	43779	43943	
270	43944	44087	
271	44088	44244	
272	44245	44419	
273	44420	44568	
274	44569	44739	
275	44740	44879	
276	44880	45045	
277	45046	45211	
278	45212	45370	
279	45371	45540	
280	45541	45694	
281	45695	45835	
282	45836	45984	
283	45985	46144	
284	46145	46316	
285	46317	46475	
286	46476	46627	
287	46628	46775	
288	46776	46945	
289	46946	47102	
290	47103	47258	
291	47259	47419	
292	47420	47607	
293	47608	47771	
294	47772	47927	
295	47928	48079	
296	48080	48252	
297	48253	48398	
298	48399	48563	
299	48564	48726	
300	48727	48874	
301	48875	49031	
302	49032	49189	
303	49190	49356	
304	49357	49511	
305	49512	49659	
306	49660	49816	
307	49817	49981	
308	49982	50131	
309	50132	50272	
310	50273	50429	
311	50430	50583	
312	50584	50743	
313	50744	50904	
314	50905	51054	
315	51055	51229	
316	51230	51391	
317	51392	51543	
318	51544	51702	
319	51703	51879	
320	51880	52019	
321	52020	52177	
322	52178	52326	
323	52327	52478	
324	52479	52629	
325	52630	52787	
326	52788	52959	
327	52960	53130	
328	53131	53270	
329	53271	53422	
330	53423	53577	
331	53578	53713	
332	53714	53861	
333	53862	54001	
334	54002	54157	
335	54158	54332	
336	54333	54478	
337	54479	54630	
338	54631	54792	
339	54793	54937	
340	54938	55115	
341	55116	55256	
342	55257	55411	
343	55412	55570	
344	55571	55715	
345	55716	55873	
346	55874	56031	
347	56032	56201	
348	56202	56365	
349	56366	56512	
350	56513	56661	
351	56662	56798	
352	56799	56964	
353	56965	57120	
354	57121	57258	
355	57259	57402	
356	57403	57558	
357	57559	57710	
358	57711	57877	
359	57878	58016	
360	58017	58156	
361	58157	58330	
362	58331	58474	
363	58475	58636	
364	58637	58782	
365	58783	58936	
366	58937	59093	
367	59094	59237	
368	59238	59384	
369	59385	59545	
370	59546	59711	
371	59712	59860	
372	59861	60019	
373	60020	60170	
374	60171	60320	
375	60321	60491	
376	60492	60641	
377	60642	60803	
378	60804	60953	
379	60954	61113	
380	61114	61265	
381	61266	61411	
382	61412	61588	
383	61589	61732	
384	61733	61897	
385	61898	62035	
386	62036	62196	
387	62197	62367	
388	62368	62514	
389	62515	62682	
390	62683	62823	
391	62824	62977	
392	62978	63130	
393	63131	63288	
394	63289	63445	
395	63446	63597	
396	63598	63750	
397	63751	63906	
398	63907	64057	
399	64058	64203	
400	64204	64340	
401	64341	64499	
402	64500	64667	
403	64668	64819	
404	64820	64976	
405	64977	65120	
406	65121	65265	
407	65266	65422	
408	65423	65582	
409	65583	65758	
410	65759	65931	
411	65932	66082	
412	66083	66233	
413	66234	66395	
414	66396	66555	
415	66556	66718	
416	66719	66877	
417	66878	67026	
418	67027	67169	
419	67170	67294	
420	67295	67452	
421	67453	67597	
422	67598	67733	
423	67734	67895	
424	67896	68036	
425	68037	68187	
426	68188	68344	
427	68345	68503	
428	68504	68652	
429	68653	68789	
430	68790	68958	
431	68959	69128	
432	69129	69274	
433	69275	69442	
434	69443	69587	
435	69588	69738	
436	69739	69898	
437	69899	70050	
438	70051	70202	
439	70203	70343	
440	70344	70488	
441	70489	70654	
442	70655	70800	
443	70801	70957	
444	70958	71108	
445	71109	71275	
446	71276	71432	
447	71433	71588	
448	71589	71753	
449	71754	71928	
450	71929	72072	
451	72073	72217	
452	72218	72373	
453	72374	72527	
454	72528	72678	
455	72679	72823	
456	72824	72978	
457	72979	73128	
458	73129	73293	
459	73294	73463	
460	73464	73607	
461	73608	73770	
462	73771	73908	
463	73909	74078	
464	74079	74233	
465	74234	74385	
466	74386	74552	
467	74553	74705	
468	74706	74845	
469	74846	75004	
470	75005	75151	
471	75152	75307	
472	75308	75465	
473	75466	75603	
474	75604	75761	
475	75762	75912	
476	75913	76047	
477	76048	76191	
478	76192	76349	
479	76350	76503	
480	76504	76660	
481	76661	76803	
482	76804	76951	
483	76952	77105	
484	77106	77269	
485	77270	77431	
486	77432	77587	
487	77588	77761	
488	77762	77925	
489	77926	78082	
490	78083	78226	
491	78227	78376	
492	78377	78550	
493	78551	78708	
494	78709	78854	
495	78855	79011	
496	79012	79145	
497	79146	79293	
498	79294	79447	
499	79448	79604	
500	79605	79761	
501	79762	79913	
502	79914	80054	
503	80055	80192	
504	80193	80337	
505	80338	80500	
506	80501	80640	
507	80641	80789	
508	80790	80927	
509	80928	81102	
510	81103	81242	
511	81243	81389	
512	81390	81545	
513	81546	81690	
514	81691	81835	
515	81836	81978	
516	81979	82130	
517	82131	82287	
518	82288	82429	
519	82430	82589	
520	82590	82754	
521	82755	82890	
522	82891	83059	
523	83060	83200	
524	83201	83356	
525	83357	83508	
526	83509	83657	
527	83658	83800	
528	83801	83955	
529	83956	84096	
530	84097	84253	
531	84254	84392	
532	84393	84521	
533	84522	84658	
534	84659	84820	
535	84821	84988	
536	84989	85128	
537	85129	85275	
538	85276	85419	
539	85420	85574	
540	85575	85747	
541	85748	85919	
542	85920	86062	
543	86063	86215	
544	86216	86361	
545	86362	86511	
546	86512	86666	
547	86667	86803	
548	86804	86950	
549	86951	87107	
550	87108	87263	
551	87264	87409	
552	87410	87573	
553	87574	87730	
554	87731	87865	
555	87866	88008	
556	88009	88171	
557	88172	88339	
558	88340	88482	
559	88483	88629	
560	88630	88782	
561	88783	88927	
562	88928	89054	
563	89055	89222	
564	89223	89356	
565	89357	89519	
566	89520	89671	
567	89672	89815	
568	89816	89963	
569	89964	90109	
570	90110	90248	
571	90249	90417	
572	90418	90559	
573	90560	90709	
574	90710	90857	
575	90858	90998	
576	90999	91159	
577	91160	91310	
578	91311	91454	
579	91455	91610	
580	91611	91773	
581	91774	91922	
582	91923	92076	
583	92077	92226	
584	92227	92379	
585	92380	92544	
586	92545	92704	
587	92705	92847	
588	92848	93018	
589	93019	93174	
590	93175	93322	
591	93323	93463	
592	93464	93625	
593	93626	93767	
594	93768	93913	
595	93914	94055	
596	94056	94204	
597	94205	94355	
598	94356	94510	
599	94511	94645	
600	94646	94791	
601	94792	94951	
602	94952	95098	
603	95099	95270	
604	95271	95404	
605	95405	95546	
606	95547	95693	
607	95694	95832	
608	95833	95988	
609	95989	96138	
610	96139	96293	
611	96294	96437	
612	96438	96586	
613	96587	96730	
614	96731	96884	
615	96885	97029	
616	97030	97176	
617	97177	97332	
618	97333	97479	
619	97480	97642	
620	97643	97783	
621	97784	97935	
622	97936	98078	
623	98079	98224	
624	98225	98362	
625	98363	98526	
626	98527	98675	
627	98676	98807	
628	98808	98948	
629	98949	99095	
630	99096	99237	
631	99238	99367	
632	99368	99523	
633	99524	99688	
634	99689	99836	
635	99837	99977	
636	99978	100134	
637	100135	100285	
638	100286	100441	
639	100442	100594	
640	100595	100730	
641	100731	100882	
642	100883	101032	
643	101033	101177	
644	101178	101335	
645	101336	101488	
646	101489	101656	
647	101657	101811	
648	101812	101960	
649	101961	102095	
650	102096	102247	
651	102248	102374	
652	102375	102520	
653	102521	102659	
654	102660	102798	
655	102799	102962	
656	102963	103125	
657	103126	103261	
658	103262	103420	
659	103421	103563	
660	103564	103700	
661	103701	103847	
662	103848	104012	
663	104013	104150	
664	104151	104278	
665	104279	104437	
666	104438	104564	
667	104565	104699	
668	104700	104847	
669	104848	105004	
670	105005	105149	
671	105150	105303	
672	105304	105449	
673	105450	105601	
674	105602	105749	
675	105750	105885	
676	105886	106032	
677	106033	106184	
678	106185	106316	
679	106317	106450	
680	106451	106602	
681	106603	106754	
682	106755	106901	
683	106902	107037	
684	107038	107175	
685	107176	107320	
686	107321	107483	
687	107484	107629	
688	107630	107763	
689	107764	107895	
690	107896	108041	
691	108042	108179	
692	108180	108318	
693	108319	108450	
694	108451	108592	
695	108593	108733	
696	108734	108864	
697	108865	109005	
698	109006	109146	
699	109147	109306	
700	109307	109446	
701	109447	109601	
702	109602	109740	
703	109741	109885	
704	109886	110022	
705	110023	110162	
706	110163	110315	
707	110316	110453	
708	110454	110609	
709	110610	110757	
710	110758	110910	
711	110911	111059	
712	111060	111184	
713	111185	111334	
714	111335	111470	
715	111471	111618	
716	111619	111786	
717	111787	111932	
718	111933	112072	
719	112073	112208	
720	112209	112360	
721	112361	112510	
722	112511	112648	
723	112649	112799	
724	112800	112948	
725	112949	113081	
726	113082	113226	
727	113227	113372	
728	113373	113516	
729	113517	113664	
730	113665	113803	
731	113804	113945	
732	113946	114102	
733	114103	114235	
734	114236	114385	
735	114386	114524	
736	114525	114677	
737	114678	114835	
738	114836	114971	
739	114972	115109	
740	115110	115243	
741	115244	115397	
742	115398	115531	
743	115532	115670	
744	115671	115823	
745	115824	115974	
746	115975	116114	
747	116115	116261	
748	116262	116399	
749	116400	116552	
750	116553	116702	
751	116703	116834	
752	116835	116989	
753	116990	117126	
754	117127	117268	
755	117269	117416	
756	117417	117571	
757	117572	117718	
758	117719	117872	
759	117873	118019	
760	118020	118171	
761	118172	118318	
762	118319	118459	
763	118460	118587	
764	118588	118715	
765	118716	118854	
766	118855	118990	
767	118991	119132	
768	119133	119275	
769	119276	119415	
770	119416	119547	
771	119548	119690	
772	119691	119835	
773	119836	119974	
774	119975	120124	
775	120125	120260	
776	120261	120394	
777	120395	120535	
778	120536	120682	
779	120683	120819	
780	120820	120966	
781	120967	121119	
782	121120	121275	
783	121276	121423	
784	121424	121573	
785	121574	121715	
786	121716	121871	
787	121872	121999	
788	122000	122133	
789	122134	122271	
790	122272	122431	
791	122432	122571	
792	122572	122706	
793	122707	122839	
794	122840	122990	
795	122991	123135	
796	123136	123284	
797	123285	123437	
798	123438	123585	
799	123586	123709	
800	123710	124086	
801	124087	124464	
802	124465	124821	
803	124822	125183	
804	125184	125566	
805	125567	125929	
806	125930	126338	
807	126339	126705	
808	126706	127105	
809	127106	127498	
810	127499	127860	
811	127861	128220	
812	128221	128577	
813	128578	128930	
814	128931	129282	
815	129283	129627	
816	129628	129975	
817	129976	130362	
818	130363	130760	
819	130761	131135	
820	131136	131550	
821	131551	131920	
822	131921	132311	
823	132312	132680	
824	132681	133084	
825	133085	133428	
826	133429	133808	
827	133809	134220	
828	134221	134635	
829	134636	134995	
830	134996	135378	
831	135379	135732	
832	135733	136093	
833	136094	136460	
834	136461	136814	
835	136815	137203	
836	137204	137611	
837	137612	137993	
838	137994	138363	
839	138364	138739	
840	138740	139118	
841	139119	139506	
842	139507	139885	
843	139886	140243	
844	140244	140611	
845	140612	140972	
846	140973	141326	
847	141327	141721	
848	141722	142096	
849	142097	142476	
850	142477	142871	
851	142872	143240	
852	143241	143625	
853	143626	143991	
854	143992	144340	
855	144341	144730	
856	144731	145092	
857	145093	145459	
858	145460	145839	
859	145840	146204	
860	146205	146597	
861	146598	146944	
862	146945	147280	
863	147281	147648	
864	147649	148023	
865	148024	148407	
866	148408	148763	
867	148764	149138	
868	149139	149530	
869	149531	149902	
870	149903	150268	
871	150269	150648	
872	150649	151009	
873	151010	151379	
874	151380	151764	
875	151765	152145	
876	152146	152527	
877	152528	152920	
878	152921	153299	
879	153300	153657	
880	153658	154049	
881	154050	154427	
882	154428	154793	
883	154794	155143	
884	155144	155527	
885	155528	155912	
886	155913	156273	
887	156274	156657	
888	156658	157016	
889	157017	157367	
890	157368	157743	
891	157744	158137	
892	158138	158492	
893	158493	158867	
894	158868	159232	
895	159233	159597	
896	159598	159986	
897	159987	160366	
898	160367	160755	
899	160756	161151	
900	161152	161729	
901	161730	162292	
902	162293	162888	
903	162889	163447	
904	163448	164011	
905	164012	164555	
906	164556	165099	
907	165100	165691	
908	165692	166259	
909	166260	166845	
910	166846	167398	
911	167399	167969	
912	167970	168514	
913	168515	169095	
914	169096	169673	
915	169674	170239	
916	170240	170803	
917	170804	171366	
918	171367	171940	
919	171941	172500	
920	172501	173065	
921	173066	173622	
922	173623	174206	
923	174207	174781	
924	174782	175352	
925	175353	175923	
926	175924	176467	
927	176468	177036	
928	177037	177604	
929	177605	178162	
930	178163	178719	
931	178720	179309	
932	179310	179871	
933	179872	180424	
934	180425	180979	
935	180980	181522	
936	181523	182060	
937	182061	182616	
938	182617	183190	
939	183191	183744	
940	183745	184318	
941	184319	184875	
942	184876	185438	
943	185439	186025	
944	186026	186591	
945	186592	187183	
946	187184	187768	
947	187769	188366	
948	188367	188938	
949	188939	189490	
950	189491	190027	
951	190028	190563	
952	190564	191124	
953	191125	191679	
954	191680	192237	
955	192238	192782	
956	192783	193356	
957	193357	193917	
958	193918	194508	
959	194509	195075	
960	195076	195647	
961	195648	196218	
962	196219	196794	
963	196795	197344	
964	197345	197915	
965	197916	198485	
966	198486	199060	
967	199061	199620	
968	199621	200173	
969	200174	200742	
970	200743	201326	
971	201327	201898	
972	201899	202470	
973	202471	203059	
974	203060	203620	
975	203621	204176	
976	204177	204719	
977	204720	205298	
978	205299	205867	
979	205868	206426	
980	206427	206989	
981	206990	207583	
982	207584	208147	
983	208148	208667	
984	208668	209231	
985	209232	209819	
986	209820	210396	
987	210397	210971	
988	210972	211518	
989	211519	212077	
990	212078	212647	
991	212648	213198	
992	213199	213792	
993	213793	214382	
994	214383	214926	
995	214927	215477	
996	215478	216045	
997	216046	216618	
998	216619	217187	
999	217188	217760	
