0	0	
1	60	
61	61	
62	61	
62	62	
63	63	
64	64	
65	71	
72	74	
75	90	
91	91	
92	117	
118	117	
118	148	
149	151	
152	158	
159	158	
159	158	
159	218	
219	605	
606	607	
608	624	
625	849	
850	1070	
1071	1070	
1071	1070	
1071	1072	
1073	1170	
1171	1170	
1171	1172	
1173	1245	
1246	1250	
1251	1262	
1263	1264	
1265	1290	
1291	1325	
1326	1327	
1328	1560	
1561	1577	
1578	1578	
1579	1595	
1596	1596	
1597	1599	
1600	1616	
1617	1616	
1617	1618	
1619	1618	
1619	1619	
1620	1654	
1655	1654	
1655	1655	
1656	1659	
1660	1659	
1660	1667	
1668	1667	
1668	1674	
1675	1686	
1687	1686	
1687	1688	
1689	1705	
1706	1707	
1708	1707	
1708	1712	
1713	1720	
1721	1725	
1726	1737	
1738	1748	
1749	1826	
1827	1826	
1827	1826	
1827	1853	
1854	1855	
1856	1855	
1856	1907	
1908	1908	
1909	1941	
1942	1951	
1952	2060	
2061	2072	
2073	2091	
2092	2092	
2093	2093	
2094	2248	
2249	2250	
2251	2257	
2258	2257	
2258	2273	
2274	2276	
2277	2288	
2289	2291	
2292	2291	
2292	2471	
2472	2478	
2479	2478	
2479	2485	
2486	2486	
2487	2491	
2492	2611	
2612	2613	
2614	2796	
2797	2806	
2807	2806	
2807	3117	
3118	3135	
3136	3154	
3155	3154	
3155	3183	
3184	3199	
3200	3200	
3201	3226	
3227	3240	
3241	3253	
3254	3272	
3273	3273	
3274	3273	
3274	3274	
3275	3274	
3275	3276	
3277	3305	
3306	3310	
3311	3319	
3320	3345	
3346	3346	
3347	3348	
3349	3356	
3357	3436	
3437	3442	
3443	3442	
3443	3463	
3464	3463	
3464	3510	
3511	3512	
3513	3628	
3629	3649	
3650	3655	
3656	3656	
3657	3657	
3658	3657	
3658	3657	
3658	3657	
3658	3658	
3659	3665	
3666	3672	
3673	3673	
3674	3673	
3674	3738	
3739	3744	
3745	3746	
3747	3748	
3749	3760	
3761	3760	
3761	3767	
3768	3782	
3783	3878	
3879	3879	
3880	3883	
3884	3908	
3909	4069	
4070	4069	
4070	4069	
4070	4071	
4072	4075	
4076	4087	
4088	4094	
4095	4095	
4096	4119	
4120	4125	
4126	4127	
4128	4133	
4134	4206	
4207	4220	
4221	4222	
4223	4222	
4223	4225	
4226	4232	
4233	4234	
4235	4247	
4248	4247	
4248	4249	
4250	4264	
4265	4264	
4265	4277	
4278	4283	
4284	4403	
4404	4404	
4405	4404	
4405	4427	
4428	4476	
4477	4500	
4501	4661	
4662	4661	
4662	4661	
4662	4674	
4675	4740	
4741	5557	
5558	5563	
5564	5571	
5572	5595	
5596	5598	
5599	5602	
5603	5608	
5609	5614	
5615	5879	
5880	5930	
5931	5932	
5933	5945	
5946	5946	
5947	5947	
5948	5947	
5948	5952	
5953	5952	
5953	7390	
7391	7417	
7418	7417	
7418	7419	
7420	7420	
7421	7420	
7421	7460	
7461	7462	
7463	7516	
7517	7527	
7528	7554	
7555	7563	
7564	8463	
8464	8467	
8468	8473	
8474	8514	
8515	8516	
8517	8520	
8521	8528	
8529	8528	
8529	8535	
8536	8538	
8539	8648	
8649	8650	
8651	8850	
8851	8858	
8859	8859	
8860	8898	
8899	8904	
8905	8906	
8907	8910	
8911	8923	
8924	9021	
9022	9023	
9024	9043	
9044	9050	
9051	9070	
9071	9077	
9078	9086	
9087	9087	
9088	9096	
9097	9106	
9107	9116	
9117	9165	
9166	9205	
9206	9212	
9213	9214	
9215	9228	
9229	9231	
9232	9234	
9235	9238	
9239	9240	
9241	9242	
9243	9253	
9254	9256	
9257	9339	
9340	9359	
9360	9360	
9361	9364	
9365	9366	
9367	9375	
9376	9786	
9787	9977	
9978	9991	
9992	9994	
9995	9995	
9996	10051	
10052	10057	
10058	10073	
10074	10079	
10080	10087	
10088	10092	
10093	10099	
10100	10105	
10106	10108	
10109	10109	
10110	10109	
10110	10111	
10112	10112	
10113	10127	
10128	10128	
10129	10243	
10244	10257	
10258	10278	
10279	10284	
10285	10284	
10285	10287	
10288	10289	
10290	10289	
10290	10300	
10301	10302	
10303	10388	
10389	10453	
10454	10455	
10456	10455	
10456	10456	
10457	10461	
10462	10467	
10468	10468	
10469	10469	
10470	10481	
10482	10484	
10485	10495	
10496	10496	
10497	10496	
10497	10501	
10502	10505	
10506	10506	
10507	10518	
10519	10523	
10524	10536	
10537	10536	
10537	10548	
10549	10550	
10551	10556	
10557	10608	
10609	10608	
10609	10610	
10611	10624	
10625	10656	
10657	10661	
10662	10694	
10695	10751	
10752	10782	
10783	10784	
10785	10801	
10802	10829	
10830	10838	
10839	10895	
10896	10895	
10896	11059	
11060	11074	
11075	11075	
11076	11076	
11077	11089	
11090	11090	
11091	11125	
11126	11128	
11129	11137	
11138	11239	
11240	11239	
11240	11240	
11241	11320	
11321	11326	
11327	13551	
13552	13559	
13560	13565	
13566	13565	
13566	13566	
13567	13566	
13567	13566	
13567	13640	
13641	13640	
13641	13641	
13642	13785	
13786	13801	
13802	13817	
13818	13817	
13818	13820	
13821	13827	
13828	13944	
13945	13945	
13946	13946	
13947	13947	
13948	14026	
14027	14030	
14031	14030	
14031	14035	
14036	14035	
14036	14057	
14058	14058	
14059	14059	
14060	14065	
14066	14083	
14084	14085	
14086	14131	
14132	14136	
14137	14141	
14142	14394	
14395	14414	
14415	14414	
14415	14424	
14425	14428	
14429	14446	
14447	14447	
14448	14448	
14449	14448	
14449	14451	
14452	14451	
14452	14457	
14458	14484	
14485	14500	
14501	14547	
14548	14548	
14549	14574	
14575	14576	
14577	14637	
14638	14642	
14643	14642	
14643	14642	
14643	14642	
14643	14642	
14643	14645	
14646	14646	
14647	14646	
14647	14831	
14832	14833	
14834	14886	
14887	14888	
14889	14891	
14892	14895	
14896	14899	
14900	15342	
15343	15344	
15345	18297	
18298	18297	
18298	18306	
18307	18306	
18307	18318	
18319	18318	
18319	18323	
18324	18323	
18324	18681	
18682	18715	
18716	18874	
18875	18876	
18877	18876	
18877	18876	
18877	18889	
18890	18973	
18974	19680	
19681	19709	
19710	19723	
19724	24759	
24760	24761	
24762	24762	
24763	24763	
24764	24763	
24764	24884	
24885	24884	
24885	24885	
24886	24933	
24934	24935	
24936	31584	
31585	31590	
31591	31591	
31592	31611	
31612	31612	
31613	31616	
31617	31621	
31622	31988	
31989	31988	
31989	32007	
32008	32109	
32110	32110	
32111	32115	
32116	32116	
32117	32334	
32335	32341	
32342	32353	
32354	32356	
32357	32367	
32368	32368	
32369	32368	
32369	32374	
32375	32375	
32376	32380	
32381	32461	
32462	32464	
32465	32464	
32465	32467	
32468	32929	
32930	33041	
33042	33075	
33076	33200	
33201	33202	
33203	33202	
33203	33203	
33204	33205	
33206	33205	
33206	33212	
33213	33214	
33215	33230	
33231	33231	
33232	33241	
33242	33241	
33242	33248	
33249	33250	
33251	33250	
33251	33252	
33253	33260	
33261	33264	
33265	33269	
33270	33269	
33270	33279	
33280	33286	
33287	33341	
33342	33512	
33513	33522	
33523	33522	
33523	33523	
33524	33524	
33525	33527	
33528	33529	
33530	33694	
33695	33694	
33695	33776	
33777	33791	
33792	33808	
33809	33821	
33822	33828	
33829	33832	
33833	33832	
33833	33833	
33834	33837	
33838	33862	
33863	33866	
33867	33869	
33870	33870	
33871	33871	
33872	33889	
33890	33889	
33890	33922	
33923	33923	
33924	33924	
33925	33929	
33930	33945	
33946	33948	
33949	33949	
33950	33952	
33953	33957	
33958	33985	
33986	34006	
34007	34007	
34008	34007	
34008	34013	
34014	34046	
34047	34046	
34047	34065	
34066	34089	
34090	34092	
34093	34113	
34114	34131	
34132	34132	
34133	34193	
34194	34251	
34252	34263	
34264	34287	
34288	34294	
34295	34295	
34296	34303	
34304	34318	
34319	34320	
34321	34328	
34329	34329	
34330	34344	
34345	34345	
34346	34363	
34364	34366	
34367	34393	
34394	34396	
34397	34396	
34397	34421	
34422	34421	
34422	34430	
34431	34442	
34443	34443	
34444	34444	
34445	34445	
34446	34445	
34446	34447	
34448	34448	
34449	34448	
34449	34466	
34467	34521	
34522	34522	
34523	34522	
34523	34522	
34523	34649	
34650	34668	
34669	34673	
34674	34674	
34675	34716	
34717	34719	
34720	34738	
34739	34745	
34746	34749	
34750	34750	
34751	35100	
35101	35101	
35102	35101	
35102	35104	
35105	35106	
35107	35107	
35108	35123	
35124	35125	
35126	35136	
35137	35212	
35213	35212	
35213	35224	
35225	35331	
35332	35340	
35341	35354	
35355	35357	
35358	35374	
35375	35391	
35392	35393	
35394	35415	
35416	35415	
35416	35504	
35505	35505	
35506	35508	
35509	35510	
35511	35511	
35512	35877	
35878	35878	
35879	35884	
35885	35888	
35889	35889	
35890	35889	
35890	35889	
35890	35894	
35895	35895	
35896	35896	
35897	35896	
35897	35936	
35937	35936	
35937	36352	
36353	36352	
36353	36360	
36361	36360	
36361	36370	
36371	36371	
36372	36377	
36378	36396	
36397	36397	
36398	36403	
36404	36404	
36405	36466	
36467	36505	
36506	36506	
36507	37261	
37262	37261	
37262	37294	
37295	37301	
37302	37303	
37304	37317	
37318	37348	
37349	41109	
41110	41110	
41111	41134	
41135	41177	
41178	41182	
41183	41189	
41190	41246	
41247	41248	
41249	41262	
41263	41299	
41300	41310	
41311	41313	
41314	41321	
41322	41321	
41322	41343	
41344	41482	
41483	41483	
41484	41484	
41485	41485	
41486	41485	
41486	41508	
41509	41513	
41514	41515	
41516	41516	
41517	41517	
41518	41536	
41537	41539	
41540	41542	
41543	41546	
41547	41599	
41600	41602	
41603	41604	
41605	41615	
41616	41616	
41617	41619	
41620	41620	
41621	41633	
41634	41700	
41701	41703	
41704	41732	
41733	41736	
41737	41767	
41768	41768	
41769	41772	
41773	41796	
41797	41810	
41811	42030	
42031	42035	
42036	42039	
42040	42083	
42084	42083	
42084	42092	
42093	42811	
42812	42816	
42817	42817	
42818	42913	
42914	42913	
42914	42933	
42934	42940	
42941	43390	
43391	43403	
43404	43422	
43423	43422	
43423	43574	
43575	43575	
43576	43576	
43577	44026	
44027	44069	
44070	44072	
44073	44072	
44073	44118	
44119	44122	
44123	44122	
44123	44321	
44322	44360	
44361	44364	
44365	44442	
44443	44444	
44445	44452	
44453	44454	
44455	44459	
44460	44459	
44460	45646	
45647	45648	
45649	45648	
45649	45649	
45650	45649	
45650	45660	
45661	45665	
45666	45670	
45671	45785	
45786	45793	
45794	45812	
45813	45815	
45816	45830	
45831	45831	
45832	45833	
45834	45833	
45834	45835	
45836	45835	
45836	45837	
45838	45859	
45860	45861	
45862	45948	
45949	45960	
45961	45962	
45963	45988	
45989	45998	
45999	45999	
46000	46057	
46058	46061	
46062	46063	
46064	46066	
46067	46074	
46075	46075	
46076	46120	
46121	46122	
46123	46129	
46130	46133	
46134	46165	
46166	46353	
46354	46353	
46354	46360	
46361	46438	
46439	46441	
46442	46514	
46515	46515	
46516	46532	
46533	46545	
46546	46547	
46548	46547	
46548	46550	
46551	46594	
46595	46596	
46597	46652	
46653	46652	
46653	46653	
46654	46653	
46654	46664	
46665	46680	
46681	46704	
46705	46707	
46708	46723	
46724	46724	
46725	46727	
46728	46730	
46731	46731	
46732	46732	
46733	46740	
46741	46755	
46756	46765	
46766	46773	
46774	46773	
46774	46773	
46774	46778	
46779	46920	
46921	46920	
46921	46923	
46924	46926	
46927	46930	
46931	46930	
46931	46931	
46932	46931	
46932	46985	
46986	47038	
47039	47041	
47042	47046	
47047	47046	
47047	47051	
47052	47053	
47054	47238	
47239	47262	
47263	47276	
47277	47278	
47279	47282	
47283	51667	
51668	51803	
51804	51808	
51809	51820	
51821	51827	
51828	51830	
51831	51833	
51834	51839	
51840	51868	
51869	51892	
51893	51899	
51900	51943	
51944	51943	
51944	51961	
51962	51961	
51962	51963	
51964	51964	
51965	51975	
51976	51975	
51976	51976	
51977	51976	
51977	51988	
51989	51996	
51997	51999	
52000	52002	
52003	52068	
52069	52072	
52073	52077	
52078	52078	
52079	52084	
52085	52087	
52088	52090	
52091	52092	
52093	52095	
52096	52099	
52100	52183	
52184	52184	
52185	52223	
52224	52231	
52232	52340	
52341	52342	
52343	52343	
52344	52418	
52419	52418	
52419	52419	
52420	54349	
54350	54354	
54355	54354	
54355	54359	
54360	54368	
54369	54391	
54392	54479	
54480	54482	
54483	54497	
54498	54513	
54514	54517	
54518	54522	
54523	54523	
54524	54524	
54525	54524	
54525	54533	
54534	54537	
54538	54540	
54541	54657	
54658	54663	
54664	54667	
54668	54668	
54669	54668	
54669	54670	
54671	54670	
54671	54671	
54672	54676	
54677	54747	
54748	54748	
54749	54757	
54758	54762	
54763	54762	
54763	54762	
54763	54765	
54766	54832	
54833	54833	
54834	54853	
54854	54854	
54855	54854	
54855	54854	
54855	54857	
54858	54858	
54859	54868	
54869	54868	
54869	54869	
54870	54869	
54870	54869	
54870	54887	
54888	54889	
54890	54890	
54891	54896	
54897	54939	
54940	55254	
55255	55393	
55394	55482	
55483	55482	
55483	55482	
55483	55486	
55487	55487	
55488	55538	
55539	55542	
55543	55548	
55549	55579	
55580	55583	
55584	55600	
55601	55601	
55602	55602	
55603	55603	
55604	55609	
55610	55610	
55611	55636	
55637	55636	
55637	55638	
55639	55654	
55655	55655	
55656	55657	
55658	55663	
55664	55669	
55670	55669	
55670	55682	
55683	55905	
55906	55931	
55932	55932	
55933	55938	
55939	55939	
55940	55945	
55946	56257	
56258	56258	
56259	56292	
56293	56292	
56293	56300	
56301	56301	
56302	56316	
56317	56337	
56338	56350	
56351	56354	
56355	56354	
56355	56354	
56355	56356	
56357	56356	
56357	56391	
56392	56401	
56402	56404	
56405	56417	
56418	56423	
56424	56423	
56424	56425	
56426	56425	
56426	56426	
56427	56426	
56427	56435	
56436	56440	
56441	56447	
56448	56450	
56451	56625	
56626	56628	
56629	56628	
56629	56658	
56659	56680	
56681	56702	
56703	56721	
