 16.9688	 994
 18.1875	 944
 19.3750	 644
 34.8125	 944
 68.5313	 644
 73.6250	 994
 78.2188	 944
 87.8125	 944
 97.5313	 944
 98.0313	 94
113.2500	 944
126.7188	 944
148.0313	 944
156.7500	 944
167.2500	 944
172.0625	 344
177.1250	 944
185.2188	 944
194.7188	 944
197.0313	 444
205.0000	 944
215.0000	 944
228.7813	 944
240.6250	 944
248.5625	 944
273.1563	 944
285.9063	 944
295.7500	 944
305.9063	 944
321.8750	 944
334.3750	 944
351.6563	 944
364.2500	 994
398.3125	 394
402.5000	 944
439.2813	 944
454.4688	 944
474.8125	 944
482.0313	 994
482.8125	 944
497.5313	 944
506.8750	 994
508.8750	 944
537.0000	 944
551.0313	 944
561.5000	 944
579.8125	 944
589.5313	 944
602.7813	 944
617.8125	 944
620.0313	 994
645.8438	 944
648.5000	 94
660.0000	 944
667.2813	 944
675.8125	 944
681.4375	 994
694.9063	 944
699.2813	 994
702.4063	 944
709.9375	 944
716.6875	 944
723.2813	 944
731.3750	 944
740.5000	 944
747.3750	 944
755.3125	 944
756.9375	 994
764.2188	 944
775.6875	 944
786.8125	 944
794.9063	 944
805.2813	 944
817.9063	 944
831.3750	 994
837.0938	 944
855.6875	 994
856.0625	 944
883.6250	 944
913.7188	 944
933.6563	 994
948.4375	 944
967.6563	 944
978.8750	 944
1008.4063	 944
1022.2188	 944
1038.6250	 944
1055.3125	 294
1058.8750	 994
1059.0000	 944
1079.6563	 994
1094.0000	 944
1105.4688	 994
1118.2188	 944
1119.0625	 994
1130.1875	 994
1144.4063	 944
1158.0313	 994
1164.7813	 944
1175.2188	 944
1182.7500	 944
1195.0313	 944
1235.0313	 944
1276.7500	 944
1294.0938	 944
1315.0625	 944
1324.8438	 944
1338.8438	 944
1342.7813	 344
1393.5938	 944
1424.6250	 944
1599.7500	 194
1600.9375	 994
1604.3750	 944
1638.1250	 94
1638.7500	 994
1656.3438	 944
1663.5313	 994
1675.7813	 944
1683.5000	 944
1692.2500	 944
1706.9688	 944
1719.6250	 944
1728.7500	 944
1730.0313	 994
1746.4063	 944
1761.4688	 944
1776.1875	 944
1789.7813	 944
1793.3125	 644
1806.4688	 944
1822.2500	 944
1830.1875	 944
1845.9375	 944
1858.4688	 944
1869.5313	 994
1870.4375	 944
1879.2188	 944
1889.2188	 944
1890.5625	 994
1899.8750	 944
1906.9063	 944
1915.1250	 944
1927.5938	 944
1935.7813	 994
1936.1250	 944
1949.6250	 944
1953.2813	 994
1954.1250	 344
1959.3750	 944
1972.1250	 994
1987.1250	 944
1998.9688	 944
2000.5313	 994
2023.0000	 994
2027.1875	 944
2073.6250	 494
2078.3750	 944
2115.2813	 944
2130.2188	 944
2140.8438	 944
2154.4688	 944
2161.7813	 994
2172.0625	 944
2187.9688	 444
2192.7188	 994
2192.8125	 944
2206.7188	 944
2217.2813	 944
2226.0000	 944
2232.6563	 994
2240.2813	 944
2250.1563	 944
2261.2188	 944
2277.2500	 994
2292.7500	 944
2297.1875	 994
2313.7188	 944
2330.9375	 644
2331.5313	 944
2333.6250	 994
2349.0625	 944
2365.7188	 944
2375.1875	 994
2377.3438	 744
2381.2188	 944
2383.2500	 344
2389.1875	 944
2402.1563	 944
2413.5938	 994
2417.3438	 944
2428.7188	 944
2434.6250	 994
2454.0938	 994
2459.7813	 944
2477.1563	 944
2493.3438	 944
2517.2188	 944
2525.5625	 944
2540.7188	 944
2550.6875	 944
2560.3750	 994
2560.5625	 944
2565.1250	 294
2569.5000	 944
2574.6875	 144
2579.8125	 944
2587.3750	 944
2588.9688	 994
2598.2188	 944
2601.0000	 994
2612.2813	 944
2631.1875	 944
2648.3750	 944
2662.4375	 944
2676.9375	 944
2681.2188	 994
2695.5000	 944
2701.0938	 994
2714.4375	 944
2722.0313	 994
2724.5313	 944
2742.6250	 944
2808.3438	 944
2833.1563	 944
2847.7188	 944
2863.6250	 944
2881.2188	 944
2908.3125	 944
2925.2500	 944
2930.6563	 994
2939.1563	 944
2940.4375	 644
2951.3125	 994
2957.8125	 944
2959.0938	 994
2997.0000	 994
2997.3438	 944
3017.2813	 994
3049.7813	 944
3076.6563	 944
3094.0313	 944
3129.8438	 944
3130.6563	 994
3142.1563	 944
3148.0625	 994
3155.4688	 944
3190.0000	 994
3202.3438	 294
3236.5938	 994
3265.0938	 944
3292.4063	 944
3293.5625	 994
3305.3125	 944
3316.2500	 644
3322.7188	 944
3346.0000	 944
3352.3125	 994
3362.1250	 944
3368.4063	 994
3370.6563	 944
3394.2813	 944
3399.8750	 494
3402.9063	 994
3406.3125	 944
3420.0625	 944
3421.5938	 994
3432.2188	 994
3434.5625	 944
3445.1563	 994
3449.0313	 944
3459.7188	 994
3460.1563	 944
3477.3750	 944
3497.9063	 944
3500.2500	 994
3507.4063	 944
3514.9375	 994
3529.8438	 944
3533.9375	 994
3557.6250	 944
3581.0000	 994
3589.6875	 944
3608.5938	 944
3611.0625	 994
3617.6875	 944
3627.3750	 944
3636.7500	 944
3648.1875	 944
3657.0313	 944
3671.1563	 994
3671.2188	 944
3674.2500	 344
3679.2813	 944
3688.0000	 944
3698.2188	 944
3708.2500	 994
3710.0938	 944
3725.1875	 994
3744.2500	 444
3753.7188	 944
3766.3438	 944
3783.3438	 944
3795.6250	 944
3811.2188	 944
3820.9063	 944
3830.2188	 944
3843.7813	 944
3852.1875	 944
3852.9375	 994
3867.1563	 994
3878.2188	 944
3892.4688	 944
3907.1563	 944
3916.4688	 944
3931.5625	 944
3942.0313	 944
3949.5000	 944
3960.9688	 944
3969.5938	 944
3980.8750	 944
3992.6250	 944
3998.5313	 144
4000.0938	 944
4010.6875	 944
4024.7500	 944
4032.0938	 944
4040.5938	 944
4048.5625	 944
4059.2813	 944
4077.3438	 944
4092.5000	 944
4105.6563	 944
4117.0313	 994
4120.5938	 944
4136.7188	 944
4148.3750	 944
4160.8750	 944
4171.4375	 944
4183.4375	 944
4204.2500	 944
4220.5625	 944
4231.3750	 944
4240.0625	 944
4243.5313	 994
4248.5938	 344
4252.5000	 944
4257.7500	 994
4261.4063	 944
4269.3125	 944
4279.4688	 944
4281.5625	 994
4290.7500	 944
4297.5000	 944
4306.7500	 944
4316.1250	 944
4327.9375	 944
4328.0313	 44
4331.7813	 994
4339.2500	 944
4351.5938	 944
4363.7500	 944
4376.5000	 944
4382.8125	 994
4387.9375	 944
4398.8125	 944
4412.7813	 944
4413.9063	 994
4424.3125	 944
4427.1563	 994
4432.3125	 194
4435.9063	 944
4448.7813	 944
4460.6875	 944
4472.7188	 944
4475.0313	 994
4482.8438	 794
4484.5625	 944
4491.1250	 994
4497.2188	 944
4514.4688	 944
4521.7500	 994
4529.9063	 944
4551.6563	 944
4574.3750	 944
4580.0625	 444
4597.4375	 944
4611.6875	 944
4613.7813	 994
4622.6875	 944
4646.2188	 944
4665.6563	 944
4685.6250	 944
4693.4688	 44
4693.8125	 944
4712.7813	 944
4721.6563	 944
4736.1563	 944
4746.6875	 794
4767.2500	 944
4784.2813	 944
4792.9063	 944
4803.6250	 944
4817.6875	 944
4832.6250	 944
4862.4375	 944
4877.2500	 944
4896.9375	 944
4907.4063	 944
4924.1563	 994
4967.3750	 944
4987.9375	 944
