 16.7813	 918
 35.8125	 918
 50.7188	 918
 69.4375	 918
116.5625	 918
137.1563	 918
145.4063	 918
155.8750	 918
163.7188	 968
172.9063	 918
203.8438	 918
204.5000	 968
215.1875	 468
217.4063	 918
231.6563	 918
250.3750	 918
280.4063	 918
285.1250	 968
288.6250	 218
302.3125	 868
303.3750	 918
304.5313	 968
318.8125	 918
325.5313	 968
337.0625	 918
351.3125	 918
362.2813	 918
366.4375	 968
377.0625	 968
388.7188	 968
389.1563	 918
400.9688	 968
412.2188	 968
415.7813	 918
429.0938	 968
434.5625	 168
437.5000	 968
442.0313	 918
444.7500	 968
453.8125	 968
462.7188	 968
466.7813	 68
473.8125	 968
481.1563	 918
481.4688	 968
489.6563	 968
495.7188	 918
497.2813	 968
504.9375	 968
508.6250	 918
513.7188	 968
521.3750	 918
521.6563	 968
527.7813	 18
531.4688	 968
537.5000	 918
540.9063	 968
546.5000	 918
550.4063	 968
560.2500	 968
565.0313	 918
569.1250	 968
577.6563	 968
578.0000	 918
584.9375	 968
593.5938	 918
593.6563	 968
604.6875	 918
605.0625	 968
617.0313	 968
618.0000	 918
627.0625	 968
633.2813	 968
642.2188	 968
648.7813	 968
659.3750	 968
667.9688	 968
678.9688	 968
681.5000	 918
687.7188	 968
695.9688	 468
698.1875	 518
698.3438	 968
700.0313	 918
706.6563	 968
717.2188	 968
718.0625	 918
729.1875	 918
735.0625	 968
754.7500	 968
755.7500	 168
756.5938	 918
763.7813	 968
782.2813	 968
794.1250	 968
809.7188	 968
845.0000	 968
859.9688	 968
860.7500	 918
878.2500	 918
898.2813	 668
898.7500	 918
913.7500	 968
935.5625	 918
949.5313	 918
955.8438	 968
956.2813	 918
970.9375	 918
973.0000	 968
986.6250	 918
989.4063	 968
1001.1563	 918
1008.5313	 968
1013.7813	 918
1028.5938	 918
1039.2813	 918
1056.3125	 918
1073.1875	 918
1081.7500	 918
1082.7813	 968
1107.9688	 968
1136.3750	 968
1150.0313	 968
1161.7500	 968
1172.4063	 968
1185.3438	 968
1208.3750	 918
1235.3750	 918
1247.9688	 918
1249.5938	 168
1261.2813	 968
1272.8438	 918
1282.9063	 918
1292.1250	 968
1307.0313	 918
1308.4063	 968
1318.6250	 918
1323.1563	 968
1336.5938	 968
1337.2813	 918
1348.1875	 968
1351.3750	 918
1360.3125	 968
1364.3438	 918
1367.0313	 668
1380.2500	 918
1393.6250	 918
1403.8750	 218
1404.0625	 918
1418.3750	 968
1426.0938	 918
1429.8750	 968
1440.2188	 968
1452.5313	 918
1453.3438	 968
1469.0000	 968
1479.8438	 918
1480.5313	 968
1491.5938	 968
1493.7500	 918
1501.7500	 968
1507.4688	 918
1512.5313	 968
1520.2500	 918
1522.5938	 968
1531.0938	 918
1536.7813	 968
1543.4063	 918
1548.8750	 968
1553.3438	 918
1565.4063	 968
1570.8750	 918
1585.1250	 968
1585.6250	 918
1601.6563	 968
1602.0313	 918
1618.6250	 468
1618.9375	 968
1651.8438	 968
1665.0938	 968
1678.7500	 918
1681.9688	 968
1688.6250	 518
1693.3125	 968
1706.2188	 968
1729.6875	 968
1743.1875	 968
1756.2813	 968
1757.1250	 918
1774.6875	 968
1785.1875	 968
1793.2500	 968
1795.4063	 918
1801.2500	 968
1810.6563	 968
1824.2813	 968
1831.7813	 968
1845.6875	 968
1851.5625	 68
1856.5625	 968
1870.7813	 968
1890.0938	 968
1890.2500	 918
1898.4063	 918
1914.1563	 968
1932.8125	 968
1934.4375	 918
1957.0313	 968
1970.6563	 918
1975.5625	 968
1986.9063	 918
1988.3438	 968
2010.2500	 918
2027.0938	 968
2027.5625	 918
2043.7188	 918
2054.1875	 918
2054.5938	 968
2067.8750	 168
2075.2813	 968
2075.3125	 918
2094.1875	 918
2094.5625	 968
2106.9688	 968
2114.3125	 568
2114.8438	 968
2115.7188	 918
2125.7813	 968
2128.0313	 868
2141.0938	 968
2172.3438	 918
2201.2500	 918
2229.9375	 968
2244.9063	 918
2256.1875	 218
2259.7188	 968
2259.9688	 918
2284.7188	 918
2313.3750	 918
2333.5625	 968
2333.7188	 918
2350.6563	 968
2350.8438	 918
2364.0938	 918
2378.5938	 968
2379.8438	 918
2396.8750	 968
2418.7500	 968
2429.2188	 968
2433.3125	 918
2435.9375	 968
2437.4063	 818
2446.5625	 968
2458.0625	 968
2471.0000	 968
2480.0000	 918
2483.9688	 968
2491.1563	 968
2501.0938	 968
2511.7500	 968
2525.0938	 968
2542.7500	 968
2548.6875	 918
2557.0625	 868
2557.8125	 918
2558.5000	 968
2572.8125	 968
2586.4688	 968
2595.9063	 968
2599.1563	 918
2603.8125	 968
2608.2188	 468
2612.6250	 918
2614.5000	 968
2624.3125	 918
2632.4063	 968
2635.5938	 918
2644.4688	 968
2650.6875	 918
2655.4063	 968
2666.7813	 918
2666.9688	 968
2677.5938	 968
2691.3750	 968
2703.5938	 968
2718.0000	 918
2718.8125	 968
2727.0000	 968
2742.4688	 968
2755.6563	 968
2768.8750	 918
2775.5000	 968
2806.0000	 968
2820.8750	 968
2847.8438	 918
2854.9063	 968
2865.1563	 918
2867.2813	 968
2874.2500	 918
2879.0000	 968
2887.9375	 918
2900.0625	 968
2900.4688	 918
2913.2500	 918
2934.6875	 968
2946.6563	 918
2958.3750	 918
2977.9688	 918
2986.0625	 968
2996.3125	 918
2996.6563	 968
3022.0000	 918
3036.0313	 968
3049.5313	 968
3066.9688	 918
3094.0000	 918
3096.3438	 968
3107.2813	 918
3115.8750	 918
3190.8438	 918
3201.6250	 918
3251.3125	 918
3282.6250	 918
3298.6250	 918
3305.4375	 968
3306.1563	 918
3317.8750	 218
3319.5000	 918
3320.3438	 968
3335.7500	 918
3336.8125	 968
3347.1875	 968
3351.3438	 918
3367.2500	 918
3367.5313	 968
3377.7500	 968
3378.3438	 918
3390.2500	 968
3391.5625	 918
3404.8750	 968
3416.3750	 168
3422.8125	 968
3443.5625	 968
3448.4375	 918
3459.8125	 918
3460.4063	 968
3471.8438	 968
3475.7500	 568
3485.2188	 968
3499.3125	 968
3502.1875	 918
3509.1875	 968
3525.5000	 968
3536.5625	 968
3543.9375	 918
3552.4375	 968
3556.5625	 918
3571.5000	 968
3588.6875	 968
3589.2188	 918
3598.0000	 968
3598.6250	 918
3610.8125	 918
3620.9375	 968
3631.9063	 918
3641.7188	 918
3649.7188	 918
3650.0313	 968
3658.1563	 918
3668.5938	 918
3676.7188	 918
3682.9063	 968
3706.0938	 868
3706.7813	 918
3723.9688	 918
3734.3125	 968
3748.4063	 918
3763.6563	 918
3770.6250	 968
3783.4375	 918
3789.9063	 968
3794.2188	 918
3806.8438	 968
3815.0938	 918
3815.1875	 968
3829.6875	 968
3830.5313	 918
3840.4375	 918
3850.1563	 918
3860.0313	 868
3864.4375	 918
3884.8438	 918
3894.6563	 918
3901.8438	 68
3910.5938	 918
3938.1563	 918
3946.6250	 918
3949.3438	 968
3960.3125	 918
3967.4375	 968
3967.6875	 918
3974.8750	 918
3986.0938	 918
3989.0625	 968
3998.4688	 468
3998.9375	 918
4018.7188	 918
4029.1875	 868
4031.0625	 918
4031.6250	 968
4042.8750	 918
4046.6563	 968
4057.0938	 918
4061.1875	 968
4076.9375	 968
4088.0000	 918
4096.0625	 968
4115.1250	 968
4126.7813	 918
4130.8125	 968
4142.9063	 918
4144.7813	 968
4154.8438	 918
4155.7500	 968
4170.9375	 918
4171.1563	 968
4187.2188	 818
4190.9375	 918
4197.1250	 968
4208.6563	 918
4219.8750	 968
4220.0938	 918
4233.9063	 918
4245.0000	 918
4260.6250	 918
4263.9688	 968
4286.8438	 968
4294.5625	 918
4295.0625	 968
4306.0000	 968
4310.6875	 918
4315.2500	 968
4327.3438	 968
4332.0938	 918
4332.7813	 968
4346.3438	 918
4351.4063	 968
4364.6563	 968
4379.5938	 868
4382.4688	 968
4397.8750	 968
4411.3438	 968
4416.3125	 918
4426.0313	 968
4443.0938	 918
4449.7500	 968
4473.6563	 968
4481.1875	 918
4490.2500	 968
4504.8750	 968
4522.0625	 968
4524.5000	 918
4534.6250	 918
4534.8750	 968
4550.3438	 918
4563.7813	 968
4565.5000	 918
4575.6250	 968
4585.0313	 968
4595.9375	 918
4598.7188	 968
4608.5625	 918
4621.7188	 968
4622.2813	 918
4633.1875	 968
4644.5625	 918
4650.9688	 968
4654.4375	 918
4665.7500	 918
4671.1875	 968
4675.4063	 918
4678.3125	 968
4685.9375	 918
4692.0938	 968
4694.3438	 918
4699.6563	 968
4709.3438	 918
4709.6875	 968
4720.5625	 918
4728.3750	 568
4738.2500	 918
4742.4375	 968
4763.1875	 968
4777.2813	 918
4790.2813	 918
4790.5625	 968
4804.2188	 968
4808.5313	 68
4826.9375	 968
4829.4688	 868
4838.5938	 968
4850.2500	 968
4851.0000	 918
4851.5313	 768
4861.1875	 968
4888.6250	 918
4903.7188	 918
4905.6875	 668
4910.9063	 968
4925.4063	 468
4928.5000	 968
4932.9688	 918
4936.8750	 968
4949.0625	 918
4953.6875	 968
4963.1250	 918
4971.6563	 968
4975.0938	 918
4994.5938	 918
4997.1875	 968
